0 0 22 6 0 13 4 0 2 0 0 80 0 1 0 0 0 0 0 0 
2 0 0 5 1 0 10 0 1 2 0 0 0 8 0 1 0 7 0 91 
1 0 0 0 0 92 0 3 2 0 0 6 0 6 2 4 4 8 0 0 
0 0 11 1 62 0 13 5 2 2 1 0 1 0 0 7 0 1 0 22 
3 1 0 3 3 0 0 62 7 5 0 5 15 0 1 1 0 22 0 0 
3 0 5 20 0 0 6 1 4 1 0 15 58 2 6 4 2 1 0 0 
1 0 11 12 0 3 23 0 2 2 0 23 0 9 16 1 24 1 0 0 
4 0 1 1 0 11 0 0 13 1 0 8 0 0 0 1 88 0 0 0 
16 9 0 1 1 0 0 8 2 83 1 0 0 0 1 0 0 0 4 2 
18 19 9 5 2 11 0 0 17 0 0 0 0 1 2 29 1 4 0 10 
0 0 23 30 0 38 0 0 1 18 0 6 1 0 1 4 0 0 4 2 
0 0 127 0 0 0 0 0 0 1 0 0 0 0 0 0 0 0 0 0 
0 0 4 0 0 87 0 0 0 0 0 33 0 0 0 4 0 0 0 0 
0 0 127 0 0 0 0 0 0 0 0 0 1 0 0 0 0 0 0 0 
0 0 0 9 0 0 0 1 0 0 0 0 118 0 0 0 0 0 0 0 
0 0 0 0 5 0 0 20 1 61 10 0 0 0 0 0 0 31 0 0 
0 0 127 0 0 0 0 0 0 0 0 0 0 1 0 0 0 0 0 0 
14 3 1 0 0 5 0 17 0 0 0 0 0 0 0 0 0 88 0 0 
0 23 0 1 2 0 0 3 0 83 13 0 0 0 0 0 0 3 0 0 
0 0 1 27 0 0 0 4 1 3 0 0 0 0 0 0 0 92 0 0 
0 6 0 1 5 0 1 54 1 29 1 0 14 0 0 0 0 15 0 1 
8 1 0 0 0 31 0 2 1 10 22 7 0 0 0 12 32 2 0 0 
1 0 11 25 0 1 6 0 1 0 0 3 28 13 11 15 9 1 2 1 
3 0 3 29 2 1 5 1 16 5 0 3 1 15 8 1 6 4 0 25 
6 1 0 0 0 0 0 6 1 1 0 6 76 6 3 7 0 15 0 0 
7 5 0 0 7 9 0 11 1 34 0 0 2 0 1 0 16 33 0 2 
13 0 0 2 21 1 0 7 5 14 4 1 0 12 0 3 9 19 0 17 
4 1 0 0 1 1 3 3 0 0 1 0 80 5 9 3 13 4 0 0 
2 0 0 0 0 115 0 0 0 5 1 3 0 1 0 1 0 0 0 0 
7 28 3 9 0 1 0 3 0 1 0 6 1 12 0 32 8 17 0 0 
