MEME version 4

ALPHABET= ACDEFGHIKLMNPQRSTVWY

Background letter frequencies (from file `/home/yincp/Desktop/Descriptor_Preprocessor/Reports/19082019/PDOC00101/compos_align.txt'):
A 0.07234 C 0.00367 D 0.01099 E 0.11810 F 0.00092 G 0.05494 H 0.02290 I 0.24081 K 0.11720 L 0.04579 M 0.00641 N 0.05037 P 0.02198 Q 0.06685 R 0.01099 S 0.04945 T 0.00184 V 0.10260 W 0.00000 Y 0.00184 

MOTIF 1 IXJIXKIENXZGV

letter-probability matrix: alength= 20 w= 13 nsites= 84 E= 0
  0.154762	  0.011905	  0.000000	  0.000000	  0.000000	  0.000000	  0.000000	  0.654762	  0.000000	  0.035714	  0.000000	  0.000000	  0.000000	  0.000000	  0.000000	  0.000000	  0.000000	  0.142857	  0.000000	  0.000000	
  0.023810	  0.000000	  0.011905	  0.011905	  0.011905	  0.035714	  0.059524	  0.035714	  0.392857	  0.071429	  0.011905	  0.000000	  0.083333	  0.214286	  0.000000	  0.035714	  0.000000	  0.000000	  0.000000	  0.000000	
  0.000000	  0.000000	  0.000000	  0.000000	  0.000000	  0.000000	  0.000000	  0.619048	  0.000000	  0.130952	  0.000000	  0.000000	  0.000000	  0.000000	  0.000000	  0.000000	  0.000000	  0.250000	  0.000000	  0.000000	
  0.000000	  0.000000	  0.000000	  0.000000	  0.000000	  0.000000	  0.000000	  0.821429	  0.000000	  0.035714	  0.059524	  0.000000	  0.000000	  0.000000	  0.000000	  0.000000	  0.000000	  0.083333	  0.000000	  0.000000	
  0.392857	  0.023810	  0.000000	  0.000000	  0.000000	  0.000000	  0.000000	  0.000000	  0.000000	  0.000000	  0.000000	  0.000000	  0.083333	  0.000000	  0.000000	  0.369048	  0.000000	  0.130952	  0.000000	  0.000000	
  0.000000	  0.000000	  0.000000	  0.000000	  0.000000	  0.000000	  0.000000	  0.000000	  1.000000	  0.000000	  0.000000	  0.000000	  0.000000	  0.000000	  0.000000	  0.000000	  0.000000	  0.000000	  0.000000	  0.000000	
  0.000000	  0.000000	  0.000000	  0.000000	  0.000000	  0.000000	  0.000000	  0.809524	  0.000000	  0.107143	  0.000000	  0.000000	  0.000000	  0.000000	  0.000000	  0.000000	  0.000000	  0.083333	  0.000000	  0.000000	
  0.000000	  0.000000	  0.000000	  1.000000	  0.000000	  0.000000	  0.000000	  0.000000	  0.000000	  0.000000	  0.000000	  0.000000	  0.000000	  0.000000	  0.000000	  0.000000	  0.000000	  0.000000	  0.000000	  0.000000	
  0.000000	  0.000000	  0.000000	  0.000000	  0.000000	  0.000000	  0.000000	  0.000000	  0.119048	  0.000000	  0.000000	  0.630952	  0.000000	  0.000000	  0.119048	  0.119048	  0.011905	  0.000000	  0.000000	  0.000000	
  0.119048	  0.011905	  0.000000	  0.023810	  0.000000	  0.023810	  0.202381	  0.035714	  0.011905	  0.000000	  0.000000	  0.023810	  0.119048	  0.357143	  0.023810	  0.000000	  0.000000	  0.023810	  0.000000	  0.023810	
  0.000000	  0.000000	  0.130952	  0.500000	  0.000000	  0.000000	  0.035714	  0.000000	  0.000000	  0.000000	  0.000000	  0.000000	  0.000000	  0.297619	  0.000000	  0.035714	  0.000000	  0.000000	  0.000000	  0.000000	
  0.250000	  0.000000	  0.000000	  0.000000	  0.000000	  0.654762	  0.000000	  0.000000	  0.000000	  0.000000	  0.000000	  0.000000	  0.000000	  0.000000	  0.000000	  0.083333	  0.011905	  0.000000	  0.000000	  0.000000	
  0.000000	  0.000000	  0.000000	  0.000000	  0.000000	  0.000000	  0.000000	  0.154762	  0.000000	  0.214286	  0.011905	  0.000000	  0.000000	  0.000000	  0.000000	  0.000000	  0.000000	  0.619048	  0.000000	  0.000000	

