MEME version 4

ALPHABET= ACDEFGHIKLMNPQRSTVWY

Background letter frequencies (from file `/home/yincp/Desktop/Descriptor_Preprocessor/Reports/19082019/PDOC00217/compos_align.txt'):
A 0.12120 C 0.01567 D 0.00000 E 0.00027 F 0.08304 G 0.16740 H 0.09563 I 0.04084 K 0.00009 L 0.12580 M 0.09209 N 0.05370 P 0.03704 Q 0.00163 R 0.00009 S 0.06203 T 0.01820 V 0.06728 W 0.01449 Y 0.00353 

MOTIF 1 NILMHPFHMXGVAGVFGGXLFSAMHGS

letter-probability matrix: alength= 20 w= 27 nsites= 409 E= 0
  0.000000	  0.000000	  0.000000	  0.000000	  0.000000	  0.000000	  0.012225	  0.000000	  0.000000	  0.000000	  0.000000	  0.985330	  0.000000	  0.002445	  0.000000	  0.000000	  0.000000	  0.000000	  0.000000	  0.000000	
  0.000000	  0.000000	  0.000000	  0.000000	  0.044010	  0.000000	  0.000000	  0.545232	  0.000000	  0.022005	  0.000000	  0.000000	  0.000000	  0.000000	  0.000000	  0.000000	  0.000000	  0.004890	  0.383863	  0.000000	
  0.000000	  0.000000	  0.000000	  0.007335	  0.014670	  0.000000	  0.026895	  0.000000	  0.000000	  0.550122	  0.000000	  0.000000	  0.000000	  0.000000	  0.000000	  0.000000	  0.388753	  0.000000	  0.000000	  0.012225	
  0.002445	  0.000000	  0.000000	  0.000000	  0.000000	  0.000000	  0.000000	  0.000000	  0.000000	  0.391198	  0.537897	  0.007335	  0.000000	  0.000000	  0.000000	  0.000000	  0.000000	  0.000000	  0.000000	  0.061125	
  0.000000	  0.002445	  0.000000	  0.000000	  0.000000	  0.000000	  0.542787	  0.000000	  0.002445	  0.000000	  0.000000	  0.444988	  0.000000	  0.000000	  0.002445	  0.004890	  0.000000	  0.000000	  0.000000	  0.000000	
  0.000000	  0.000000	  0.000000	  0.000000	  0.000000	  0.000000	  0.000000	  0.000000	  0.000000	  0.000000	  0.000000	  0.000000	  1.000000	  0.000000	  0.000000	  0.000000	  0.000000	  0.000000	  0.000000	  0.000000	
  0.022005	  0.000000	  0.000000	  0.000000	  0.953545	  0.002445	  0.000000	  0.000000	  0.000000	  0.012225	  0.007335	  0.000000	  0.000000	  0.000000	  0.000000	  0.000000	  0.000000	  0.000000	  0.002445	  0.000000	
  0.000000	  0.000000	  0.000000	  0.000000	  0.000000	  0.000000	  1.000000	  0.000000	  0.000000	  0.000000	  0.000000	  0.000000	  0.000000	  0.000000	  0.000000	  0.000000	  0.000000	  0.000000	  0.000000	  0.000000	
  0.004890	  0.002445	  0.000000	  0.000000	  0.000000	  0.009780	  0.000000	  0.014670	  0.000000	  0.000000	  0.926650	  0.000000	  0.000000	  0.041565	  0.000000	  0.000000	  0.000000	  0.000000	  0.000000	  0.000000	
  0.041565	  0.000000	  0.000000	  0.000000	  0.009780	  0.000000	  0.000000	  0.022005	  0.000000	  0.518337	  0.398533	  0.000000	  0.000000	  0.000000	  0.000000	  0.002445	  0.000000	  0.007335	  0.000000	  0.000000	
  0.024450	  0.000000	  0.000000	  0.000000	  0.000000	  0.948655	  0.000000	  0.000000	  0.000000	  0.000000	  0.000000	  0.000000	  0.000000	  0.000000	  0.000000	  0.026895	  0.000000	  0.000000	  0.000000	  0.000000	
  0.000000	  0.000000	  0.000000	  0.000000	  0.000000	  0.000000	  0.000000	  0.048900	  0.000000	  0.000000	  0.000000	  0.000000	  0.000000	  0.000000	  0.000000	  0.000000	  0.000000	  0.951100	  0.000000	  0.000000	
  0.941320	  0.000000	  0.000000	  0.000000	  0.002445	  0.002445	  0.000000	  0.004890	  0.000000	  0.000000	  0.000000	  0.000000	  0.000000	  0.000000	  0.000000	  0.017115	  0.026895	  0.004890	  0.000000	  0.000000	
  0.014670	  0.000000	  0.000000	  0.000000	  0.041565	  0.929095	  0.000000	  0.000000	  0.000000	  0.014670	  0.000000	  0.000000	  0.000000	  0.000000	  0.000000	  0.000000	  0.000000	  0.000000	  0.000000	  0.000000	
  0.002445	  0.000000	  0.000000	  0.000000	  0.031785	  0.000000	  0.000000	  0.075795	  0.000000	  0.026895	  0.026895	  0.000000	  0.000000	  0.000000	  0.000000	  0.000000	  0.000000	  0.836186	  0.000000	  0.000000	
  0.000000	  0.000000	  0.000000	  0.000000	  0.579462	  0.000000	  0.000000	  0.000000	  0.000000	  0.398533	  0.000000	  0.000000	  0.000000	  0.000000	  0.000000	  0.000000	  0.000000	  0.000000	  0.000000	  0.022005	
  0.002445	  0.000000	  0.000000	  0.000000	  0.000000	  0.963325	  0.000000	  0.000000	  0.000000	  0.000000	  0.000000	  0.000000	  0.000000	  0.000000	  0.000000	  0.000000	  0.031785	  0.002445	  0.000000	  0.000000	
  0.298289	  0.002445	  0.000000	  0.000000	  0.000000	  0.640587	  0.000000	  0.000000	  0.000000	  0.000000	  0.000000	  0.012225	  0.000000	  0.000000	  0.000000	  0.024450	  0.022005	  0.000000	  0.000000	  0.000000	
  0.464548	  0.009780	  0.000000	  0.000000	  0.000000	  0.002445	  0.000000	  0.000000	  0.000000	  0.000000	  0.000000	  0.000000	  0.000000	  0.000000	  0.000000	  0.496333	  0.022005	  0.004890	  0.000000	  0.000000	
  0.000000	  0.000000	  0.000000	  0.000000	  0.004890	  0.000000	  0.000000	  0.000000	  0.000000	  0.982885	  0.004890	  0.000000	  0.000000	  0.000000	  0.000000	  0.000000	  0.000000	  0.002445	  0.004890	  0.000000	
  0.036675	  0.000000	  0.000000	  0.000000	  0.537897	  0.000000	  0.000000	  0.002445	  0.000000	  0.422983	  0.000000	  0.000000	  0.000000	  0.000000	  0.000000	  0.000000	  0.000000	  0.000000	  0.000000	  0.000000	
  0.014670	  0.400978	  0.000000	  0.000000	  0.022005	  0.000000	  0.000000	  0.000000	  0.000000	  0.031785	  0.004890	  0.000000	  0.000000	  0.000000	  0.000000	  0.525672	  0.000000	  0.000000	  0.000000	  0.000000	
  0.980440	  0.002445	  0.000000	  0.000000	  0.000000	  0.007335	  0.000000	  0.000000	  0.000000	  0.000000	  0.000000	  0.000000	  0.000000	  0.000000	  0.000000	  0.009780	  0.000000	  0.000000	  0.000000	  0.000000	
  0.002445	  0.002445	  0.000000	  0.000000	  0.000000	  0.000000	  0.000000	  0.388753	  0.000000	  0.024450	  0.579462	  0.000000	  0.000000	  0.000000	  0.000000	  0.000000	  0.000000	  0.002445	  0.000000	  0.000000	
  0.000000	  0.000000	  0.000000	  0.000000	  0.000000	  0.000000	  1.000000	  0.000000	  0.000000	  0.000000	  0.000000	  0.000000	  0.000000	  0.000000	  0.000000	  0.000000	  0.000000	  0.000000	  0.000000	  0.000000	
  0.002445	  0.000000	  0.000000	  0.000000	  0.000000	  0.997555	  0.000000	  0.000000	  0.000000	  0.000000	  0.000000	  0.000000	  0.000000	  0.000000	  0.000000	  0.000000	  0.000000	  0.000000	  0.000000	  0.000000	
  0.415648	  0.000000	  0.000000	  0.000000	  0.000000	  0.017115	  0.000000	  0.000000	  0.000000	  0.000000	  0.000000	  0.000000	  0.000000	  0.000000	  0.000000	  0.567237	  0.000000	  0.000000	  0.000000	  0.000000	

