6 8 24 5 390 0 0 0 7 0 0 0 0 0 0 0 0 0 0 2 
0 0 3 0 1 0 3 0 0 0 0 222 0 0 168 1 1 0 27 16 
0 0 7 0 376 0 0 0 0 6 10 0 5 0 0 0 13 17 0 8 
3 0 0 0 3 13 0 131 0 32 225 7 2 0 7 14 3 2 0 0 
5 0 0 0 33 2 0 152 0 207 3 19 0 1 14 1 0 0 5 0 
2 0 0 5 170 2 0 2 0 0 0 0 0 15 4 2 8 232 0 0 
6 0 4 0 354 15 0 2 0 33 0 0 0 0 1 10 2 2 13 0 
4 0 0 13 3 0 0 5 0 10 0 0 0 382 0 3 0 7 0 15 
226 0 1 0 0 167 0 3 0 15 0 1 2 6 7 6 3 5 0 0 
0 0 3 222 161 6 4 0 0 4 0 1 0 0 0 13 0 0 8 20 
1 0 4 0 1 16 384 0 0 9 0 2 0 0 0 7 0 0 1 17 
0 0 0 5 1 7 5 0 0 0 0 405 0 1 13 4 0 1 0 0 
0 0 0 0 18 0 0 233 0 26 0 0 0 0 1 0 0 2 162 0 
1 0 0 3 8 17 11 0 0 237 0 0 0 0 0 0 160 0 0 5 
1 0 2 0 0 0 0 0 0 168 233 3 0 0 0 0 4 0 0 31 
0 1 0 0 7 0 222 1 2 5 0 187 0 0 14 2 0 0 1 0 
0 0 0 0 0 9 0 0 0 0 0 0 430 0 1 0 0 0 2 0 
10 3 0 0 390 6 0 4 0 5 3 0 0 0 0 0 4 3 14 0 
7 0 0 1 0 2 413 13 0 0 0 0 4 0 0 0 1 1 0 0 
3 15 0 0 2 4 0 6 0 0 379 0 2 17 4 0 0 0 0 10 
17 0 0 0 6 0 0 10 0 223 164 0 0 5 0 1 0 16 0 0 
27 1 0 0 1 393 0 0 0 4 0 0 0 0 0 14 0 0 0 2 
0 0 0 0 0 0 0 27 0 4 1 0 0 0 0 0 0 397 0 13 
385 0 0 0 5 10 0 4 0 0 0 0 0 0 0 21 12 5 0 0 
20 0 0 0 21 387 0 0 0 13 0 0 0 1 0 0 0 0 0 0 
5 0 0 0 15 0 6 31 0 12 11 0 13 0 0 0 0 342 7 0 
0 0 0 0 243 3 0 0 0 186 0 0 0 0 0 0 0 1 0 9 
5 0 0 0 0 397 0 0 0 5 0 0 0 0 0 11 20 4 0 0 
139 1 0 0 0 269 0 0 0 0 0 5 0 0 0 14 13 0 1 0 
205 4 0 0 0 8 0 0 0 0 0 0 0 0 0 203 19 3 0 0 
0 0 0 0 18 0 0 0 0 402 6 0 0 0 0 0 8 6 2 0 
35 0 0 0 232 0 0 1 0 174 0 0 0 0 0 0 0 0 0 0 
9 168 0 0 12 0 0 0 0 13 2 0 0 0 0 219 1 18 0 0 
408 1 0 0 12 3 0 0 0 1 0 1 0 0 0 4 7 0 1 4 
3 1 0 0 0 0 0 162 0 27 237 0 0 0 0 7 3 2 0 0 
0 4 0 0 1 5 409 8 0 2 0 1 0 0 0 0 0 5 7 0 
1 0 0 0 1 411 0 3 0 0 1 0 0 0 5 0 0 0 0 20 
170 0 0 5 1 7 0 3 0 3 0 0 12 0 0 233 7 0 0 1 
0 0 0 0 5 0 7 10 0 243 0 1 0 0 0 0 169 2 4 1 
0 0 0 5 1 20 0 18 0 2 0 0 0 0 0 5 0 391 0 0 
1 0 0 153 0 4 0 7 0 31 0 1 0 19 0 1 223 0 1 1 
22 0 0 0 0 14 0 0 0 0 0 159 4 1 0 242 0 0 0 0 
12 0 0 0 5 0 0 0 0 2 0 0 0 0 0 240 164 13 2 4 
9 1 0 1 13 0 0 8 0 381 0 0 0 0 5 15 3 2 3 1 
3 1 0 0 157 0 1 175 1 12 0 14 0 1 9 13 3 43 0 9 
5 0 14 155 6 5 0 0 3 9 0 0 15 8 215 2 0 2 0 3 
4 0 160 230 0 28 0 0 2 2 5 1 3 2 1 2 0 2 0 0 
4 0 1 0 0 172 1 0 9 1 13 0 1 3 7 4 223 0 3 0 
9 6 140 26 0 17 1 0 1 0 1 1 22 1 0 18 199 0 0 0 
17 0 5 223 0 132 1 0 3 13 2 7 0 13 10 6 2 0 6 2 
