MEME version 4

ALPHABET= ACDEFGHIKLMNPQRSTVWY

Background letter frequencies (from file `/home/yincp/Desktop/Descriptor_Preprocessor/Reports/19082019/PDOC00185/compos_align.txt'):
A 0.14010 C 0.01038 D 0.00165 E 0.01995 F 0.00899 G 0.14270 H 0.00025 I 0.07116 K 0.03361 L 0.14560 M 0.01701 N 0.00654 P 0.00144 Q 0.11710 R 0.12570 S 0.08331 T 0.00679 V 0.06002 W 0.00532 Y 0.00240 

MOTIF 1 LSGGZXQRVXJARAJ

letter-probability matrix: alength= 20 w= 15 nsites= 4271 E= 0
  0.000000	  0.003044	  0.000000	  0.000000	  0.041676	  0.000000	  0.000000	  0.044486	  0.000000	  0.842426	  0.031843	  0.000000	  0.000000	  0.000000	  0.000000	  0.000000	  0.000000	  0.018497	  0.000000	  0.018029	
  0.022477	  0.000000	  0.000000	  0.000000	  0.000000	  0.000000	  0.000000	  0.000000	  0.000000	  0.000000	  0.000000	  0.000000	  0.000000	  0.000000	  0.000000	  0.977523	  0.000000	  0.000000	  0.000000	  0.000000	
  0.024350	  0.000000	  0.000000	  0.000000	  0.007961	  0.882229	  0.003746	  0.000000	  0.005619	  0.009834	  0.000000	  0.000000	  0.005619	  0.008195	  0.000000	  0.015921	  0.000000	  0.028331	  0.000000	  0.008195	
  0.000000	  0.000000	  0.000000	  0.000000	  0.000000	  1.000000	  0.000000	  0.000000	  0.000000	  0.000000	  0.000000	  0.000000	  0.000000	  0.000000	  0.000000	  0.000000	  0.000000	  0.000000	  0.000000	  0.000000	
  0.000000	  0.000000	  0.011004	  0.241864	  0.000000	  0.000000	  0.000000	  0.000000	  0.000000	  0.000000	  0.063919	  0.070241	  0.000000	  0.601498	  0.000000	  0.000000	  0.000000	  0.000000	  0.011473	  0.000000	
  0.055256	  0.002341	  0.000000	  0.000000	  0.007961	  0.000000	  0.000000	  0.005619	  0.284008	  0.032779	  0.024350	  0.000000	  0.004214	  0.305081	  0.251932	  0.015453	  0.000000	  0.000000	  0.011004	  0.000000	
  0.039101	  0.000000	  0.000000	  0.000000	  0.000000	  0.000000	  0.000000	  0.000000	  0.042613	  0.000000	  0.010770	  0.004683	  0.000000	  0.790447	  0.080309	  0.014517	  0.006088	  0.011473	  0.000000	  0.000000	
  0.016624	  0.001171	  0.000000	  0.000000	  0.000000	  0.000000	  0.000000	  0.000000	  0.100211	  0.042379	  0.007024	  0.000000	  0.000000	  0.000000	  0.821822	  0.000000	  0.000000	  0.010770	  0.000000	  0.000000	
  0.048232	  0.000000	  0.000000	  0.000000	  0.007024	  0.000000	  0.000000	  0.159213	  0.000000	  0.202763	  0.016155	  0.005151	  0.003278	  0.000000	  0.000000	  0.000000	  0.000000	  0.556310	  0.000000	  0.001873	
  0.446266	  0.103957	  0.002107	  0.014517	  0.005385	  0.092718	  0.000000	  0.024116	  0.024350	  0.036525	  0.013814	  0.007727	  0.000000	  0.015453	  0.033716	  0.107469	  0.022711	  0.047062	  0.002107	  0.000000	
  0.000000	  0.000000	  0.000000	  0.000000	  0.028565	  0.000000	  0.000000	  0.579021	  0.000000	  0.314212	  0.032545	  0.000000	  0.000000	  0.000000	  0.000000	  0.000000	  0.000000	  0.044486	  0.001171	  0.000000	
  0.836806	  0.007961	  0.000000	  0.000000	  0.000000	  0.083119	  0.000000	  0.010302	  0.000000	  0.014048	  0.000000	  0.000000	  0.008429	  0.000000	  0.000000	  0.031140	  0.000000	  0.008195	  0.000000	  0.000000	
  0.024116	  0.006790	  0.007727	  0.011473	  0.000000	  0.054554	  0.000000	  0.024584	  0.047296	  0.020604	  0.013580	  0.003980	  0.000000	  0.011004	  0.698197	  0.044720	  0.019433	  0.011941	  0.000000	  0.000000	
  0.573402	  0.030438	  0.003980	  0.031374	  0.002576	  0.027160	  0.000000	  0.046359	  0.000000	  0.044720	  0.012409	  0.006322	  0.000000	  0.025287	  0.000000	  0.034184	  0.043784	  0.073753	  0.042613	  0.001639	
  0.014985	  0.000000	  0.000000	  0.000000	  0.033716	  0.000000	  0.000000	  0.173730	  0.000000	  0.623039	  0.028799	  0.000000	  0.000000	  0.000000	  0.000000	  0.008663	  0.009834	  0.089440	  0.011473	  0.006322	

