1122 30 71 207 50 111 25 440 86 1238 268 58 13 87 99 226 104 350 42 60 
670 17 81 174 59 136 41 216 287 1867 121 136 12 148 169 203 80 248 4 18 
489 7 397 688 153 150 53 114 449 838 149 140 31 199 345 231 119 98 9 28 
280 15 150 249 221 66 73 194 174 862 204 32 436 221 453 142 81 419 371 44 
192 52 391 269 85 513 46 69 112 751 91 260 60 111 87 104 105 1363 0 26 
107 4 293 533 101 1871 22 194 280 426 15 158 12 251 126 76 19 160 12 27 
157 38 269 73 80 137 11 392 251 1866 231 79 71 25 90 160 94 432 4 227 
494 12 576 593 44 320 66 52 544 217 20 201 117 243 116 339 373 95 21 244 
269 5 939 414 105 430 355 217 153 235 28 163 271 81 92 230 554 102 24 20 
127 21 234 151 416 89 192 203 569 629 113 116 52 118 729 181 156 348 9 234 
778 34 36 298 75 191 86 358 150 1357 105 14 199 97 194 109 70 489 17 30 
194 9 900 348 51 840 372 34 373 85 36 457 27 150 169 296 161 68 25 92 
326 11 307 633 19 38 274 79 364 150 38 127 16 536 1081 241 198 118 61 70 
169 16 88 186 145 192 69 56 430 292 46 282 515 163 721 515 74 71 116 541 
645 29 22 9 38 856 12 428 26 124 34 42 1537 15 45 99 128 546 2 50 
589 49 230 178 223 522 277 144 231 259 64 194 69 166 355 552 243 187 25 130 
258 9 154 680 40 403 94 64 185 130 78 383 10 893 197 385 556 116 6 46 
3 8 1 0 193 2 0 207 0 3940 129 0 4 0 1 2 2 84 15 96 
109 0 7 4 1 28 1 3 14 9 0 33 15 2 21 4422 7 6 4 1 
118 0 7 8 39 3789 66 87 57 80 6 2 40 51 9 76 3 199 1 49 
66 1 5 31 3 4466 0 6 14 5 3 0 8 6 10 39 12 8 2 2 
6 0 47 1080 7 7 50 7 11 10 291 318 1 2747 2 7 6 5 49 36 
234 11 0 0 37 14 0 27 1292 143 162 2 11 1416 1216 57 2 1 62 0 
146 3 0 10 1 5 4 5 217 9 50 14 0 3712 364 47 24 74 0 2 
72 10 2 0 10 2 0 15 461 292 148 2 0 2 3625 3 5 36 0 2 
203 1 0 0 33 9 0 748 0 993 115 21 1 0 2 2 7 2536 0 16 
1926 518 8 280 22 397 4 113 101 176 71 31 0 75 143 495 122 196 8 1 
9 2 1 2 134 34 2 2707 2 1429 149 3 2 0 2 7 21 180 1 0 
3840 54 0 1 7 422 0 22 1 83 0 1 26 2 3 164 8 53 0 0 
98 35 42 53 2 255 0 116 374 71 63 20 0 44 3121 234 80 73 4 2 
2638 135 18 174 16 155 2 211 1 202 54 30 4 110 1 212 177 352 182 13 
58 7 3 0 164 2 1 777 1 2901 137 0 1 2 2 51 31 438 57 54 
1376 46 11 44 47 170 51 360 14 860 249 46 11 63 2 254 77 786 26 194 
230 82 34 71 43 137 157 260 439 286 276 563 44 342 538 386 426 316 5 52 
105 21 693 691 9 261 89 71 578 65 21 759 102 353 558 223 30 40 3 15 
586 27 35 4 20 129 16 19 43 127 21 23 2945 40 70 335 153 43 46 5 
265 8 610 661 15 61 65 34 974 113 21 115 402 288 476 304 215 55 4 1 
59 66 58 5 112 193 7 1338 27 987 68 23 37 37 10 23 28 1548 5 56 
92 11 10 14 156 6 15 828 63 2529 84 15 24 35 66 71 31 399 91 147 
116 37 16 20 181 15 7 1095 4 2473 104 48 28 13 12 49 82 369 3 15 
564 185 51 12 387 28 9 114 6 2363 529 7 54 6 21 128 18 74 30 101 
74 3 4088 16 8 34 4 46 6 68 8 41 27 8 11 13 33 103 2 94 
24 5 161 3918 13 73 5 93 14 168 9 29 12 22 22 66 15 32 2 4 
908 35 99 50 36 25 1 50 8 141 5 10 3001 48 11 155 20 52 21 11 
99 157 123 149 398 55 3 81 4 676 39 6 54 9 16 157 2478 161 3 19 
742 12 34 111 32 586 6 16 57 79 6 158 107 61 287 2015 310 52 8 8 
2039 6 66 18 21 810 124 23 7 137 123 425 125 17 30 549 26 57 4 80 
33 4 33 41 16 97 5 371 12 3434 70 8 8 44 11 32 108 350 3 7 
29 3 3892 30 4 119 7 30 16 83 2 22 18 22 49 99 234 19 1 8 
629 6 138 206 44 168 33 168 51 326 55 59 1427 75 75 348 248 527 6 98 
