MEME version 4

ALPHABET= ACDEFGHIKLMNPQRSTVWY

Background letter frequencies (from file `/home/yincp/Desktop/Descriptor_Preprocessor/data/debug/tmp_composition.txt'):
A 0.11380 C 0.00547 D 0.06372 E 0.07831 F 0.02945 G 0.09827 H 0.01432 I 0.07028 K 0.06099 L 0.08802 M 0.02366 N 0.04728 P 0.02899 Q 0.02714 R 0.03958 S 0.05761 T 0.05201 V 0.06599 W 0.00565 Y 0.02947 

MOTIF 1 XGXANSILIKXNQIGTLTETJXAIXMAXXA

letter-probability matrix: alength= 20 w= 30 nsites= 916 E= 0
  0.034934	  0.000000	  0.010917	  0.176856	  0.003275	  0.002183	  0.003275	  0.003275	  0.381004	  0.067686	  0.069869	  0.086245	  0.000000	  0.048035	  0.057860	  0.028384	  0.024017	  0.002183	  0.000000	  0.000000	
  0.007642	  0.000000	  0.009825	  0.006550	  0.001092	  0.625546	  0.010917	  0.000000	  0.201965	  0.001092	  0.001092	  0.078603	  0.015284	  0.006550	  0.019651	  0.014192	  0.000000	  0.000000	  0.000000	  0.000000	
  0.257642	  0.022926	  0.000000	  0.000000	  0.000000	  0.001092	  0.000000	  0.340611	  0.000000	  0.026201	  0.016376	  0.000000	  0.001092	  0.001092	  0.009825	  0.064410	  0.041485	  0.215066	  0.000000	  0.002183	
  0.692140	  0.082969	  0.001092	  0.000000	  0.000000	  0.134279	  0.000000	  0.004367	  0.000000	  0.001092	  0.003275	  0.001092	  0.000000	  0.000000	  0.015284	  0.029476	  0.030568	  0.004367	  0.000000	  0.000000	
  0.000000	  0.000000	  0.007642	  0.000000	  0.000000	  0.000000	  0.000000	  0.000000	  0.012009	  0.000000	  0.000000	  0.960699	  0.000000	  0.000000	  0.001092	  0.014192	  0.003275	  0.001092	  0.000000	  0.000000	
  0.259825	  0.040393	  0.001092	  0.014192	  0.000000	  0.016376	  0.000000	  0.000000	  0.001092	  0.000000	  0.000000	  0.001092	  0.000000	  0.000000	  0.000000	  0.659389	  0.006550	  0.000000	  0.000000	  0.000000	
  0.000000	  0.000000	  0.000000	  0.000000	  0.000000	  0.000000	  0.000000	  0.700873	  0.000000	  0.187773	  0.008734	  0.000000	  0.000000	  0.000000	  0.015284	  0.006550	  0.005459	  0.075328	  0.000000	  0.000000	
  0.000000	  0.000000	  0.000000	  0.000000	  0.000000	  0.000000	  0.000000	  0.013100	  0.000000	  0.981441	  0.000000	  0.001092	  0.001092	  0.000000	  0.001092	  0.000000	  0.000000	  0.002183	  0.000000	  0.000000	
  0.014192	  0.000000	  0.000000	  0.000000	  0.000000	  0.000000	  0.000000	  0.673581	  0.000000	  0.112445	  0.000000	  0.000000	  0.000000	  0.001092	  0.000000	  0.000000	  0.000000	  0.198690	  0.000000	  0.000000	
  0.000000	  0.000000	  0.000000	  0.000000	  0.000000	  0.000000	  0.000000	  0.001092	  0.997817	  0.000000	  0.000000	  0.000000	  0.000000	  0.001092	  0.000000	  0.000000	  0.000000	  0.000000	  0.000000	  0.000000	
  0.001092	  0.001092	  0.000000	  0.000000	  0.159389	  0.001092	  0.000000	  0.063319	  0.000000	  0.195415	  0.003275	  0.000000	  0.080786	  0.000000	  0.000000	  0.000000	  0.000000	  0.485808	  0.000000	  0.008734	
  0.000000	  0.000000	  0.001092	  0.001092	  0.000000	  0.000000	  0.000000	  0.000000	  0.000000	  0.000000	  0.000000	  0.996725	  0.000000	  0.000000	  0.000000	  0.001092	  0.000000	  0.000000	  0.000000	  0.000000	
  0.000000	  0.000000	  0.000000	  0.000000	  0.000000	  0.000000	  0.000000	  0.000000	  0.000000	  0.001092	  0.000000	  0.000000	  0.000000	  0.997817	  0.000000	  0.000000	  0.001092	  0.000000	  0.000000	  0.000000	
  0.000000	  0.000000	  0.000000	  0.000000	  0.000000	  0.000000	  0.000000	  0.984716	  0.000000	  0.001092	  0.000000	  0.001092	  0.000000	  0.000000	  0.000000	  0.001092	  0.000000	  0.010917	  0.000000	  0.001092	
  0.001092	  0.000000	  0.000000	  0.001092	  0.000000	  0.982533	  0.000000	  0.000000	  0.000000	  0.015284	  0.000000	  0.000000	  0.000000	  0.000000	  0.000000	  0.000000	  0.000000	  0.000000	  0.000000	  0.000000	
  0.000000	  0.000000	  0.000000	  0.000000	  0.000000	  0.001092	  0.000000	  0.000000	  0.000000	  0.000000	  0.000000	  0.000000	  0.000000	  0.000000	  0.015284	  0.342795	  0.640830	  0.000000	  0.000000	  0.000000	
  0.000000	  0.000000	  0.000000	  0.000000	  0.000000	  0.000000	  0.000000	  0.068777	  0.000000	  0.811135	  0.001092	  0.000000	  0.000000	  0.000000	  0.000000	  0.000000	  0.000000	  0.118996	  0.000000	  0.000000	
  0.000000	  0.000000	  0.001092	  0.015284	  0.000000	  0.000000	  0.000000	  0.000000	  0.000000	  0.001092	  0.000000	  0.000000	  0.000000	  0.000000	  0.000000	  0.173581	  0.808952	  0.000000	  0.000000	  0.000000	
  0.002183	  0.000000	  0.013100	  0.969432	  0.000000	  0.001092	  0.000000	  0.000000	  0.001092	  0.000000	  0.000000	  0.000000	  0.000000	  0.012009	  0.001092	  0.000000	  0.000000	  0.000000	  0.000000	  0.000000	
  0.044760	  0.000000	  0.000000	  0.014192	  0.000000	  0.000000	  0.000000	  0.000000	  0.000000	  0.000000	  0.000000	  0.000000	  0.000000	  0.000000	  0.000000	  0.087336	  0.852620	  0.001092	  0.000000	  0.000000	
  0.008734	  0.000000	  0.000000	  0.001092	  0.229258	  0.001092	  0.002183	  0.116812	  0.002183	  0.574236	  0.029476	  0.000000	  0.000000	  0.001092	  0.005459	  0.003275	  0.000000	  0.020742	  0.000000	  0.004367	
  0.235808	  0.000000	  0.266376	  0.284934	  0.000000	  0.014192	  0.000000	  0.000000	  0.021834	  0.001092	  0.004367	  0.046943	  0.000000	  0.094978	  0.012009	  0.012009	  0.003275	  0.000000	  0.000000	  0.002183	
  0.844978	  0.002183	  0.005459	  0.004367	  0.008734	  0.000000	  0.000000	  0.000000	  0.000000	  0.000000	  0.000000	  0.001092	  0.000000	  0.000000	  0.000000	  0.019651	  0.100437	  0.010917	  0.000000	  0.002183	
  0.054585	  0.042576	  0.000000	  0.001092	  0.001092	  0.001092	  0.003275	  0.634279	  0.003275	  0.000000	  0.012009	  0.008734	  0.001092	  0.001092	  0.000000	  0.000000	  0.008734	  0.227074	  0.000000	  0.000000	
  0.054585	  0.000000	  0.081878	  0.378821	  0.001092	  0.006550	  0.008734	  0.000000	  0.212882	  0.012009	  0.001092	  0.048035	  0.000000	  0.042576	  0.094978	  0.024017	  0.016376	  0.000000	  0.000000	  0.016376	
  0.004367	  0.000000	  0.026201	  0.000000	  0.006550	  0.001092	  0.000000	  0.025109	  0.002183	  0.306769	  0.565502	  0.000000	  0.000000	  0.005459	  0.000000	  0.002183	  0.043668	  0.009825	  0.000000	  0.001092	
  0.921397	  0.002183	  0.000000	  0.000000	  0.001092	  0.004367	  0.000000	  0.000000	  0.000000	  0.000000	  0.000000	  0.000000	  0.000000	  0.000000	  0.000000	  0.050218	  0.006550	  0.000000	  0.000000	  0.014192	
  0.019651	  0.000000	  0.005459	  0.010917	  0.028384	  0.013100	  0.150655	  0.000000	  0.465066	  0.004367	  0.001092	  0.018559	  0.000000	  0.158297	  0.044760	  0.009825	  0.034934	  0.003275	  0.000000	  0.031659	
  0.063319	  0.004367	  0.143013	  0.105895	  0.001092	  0.021834	  0.021834	  0.006550	  0.169214	  0.004367	  0.006550	  0.027293	  0.000000	  0.026201	  0.341703	  0.042576	  0.010917	  0.003275	  0.000000	  0.000000	
  0.635371	  0.002183	  0.010917	  0.004367	  0.002183	  0.013100	  0.037118	  0.001092	  0.007642	  0.000000	  0.001092	  0.200873	  0.000000	  0.010917	  0.002183	  0.062227	  0.001092	  0.001092	  0.000000	  0.006550	

