MEME version 4

ALPHABET= ACDEFGHIKLMNPQRSTVWY

Background letter frequencies
A 0.0826 C 0.0138 D 0.0546 E 0.0673 F 0.0387 G 0.0708 H 0.0228 I 0.0592 K 0.0582 L 0.0966 
M 0.0242 N 0.0406 P 0.0473 Q 0.0393 R 0.0554 S 0.0663 T 0.0536 V 0.0687 W 0.011 
Y 0.0292 

MOTIF MEME-1
letter-probability matrix: alength= 20 w= 30 nsites= 609 E= 0.000
0.367816 0.000000 0.032841 0.218391 0.001642 0.009852 0.006568 0.000000 0.113300 0.021346 0.011494 0.091954 0.000000 0.049261 0.022989 0.042693 0.004926 0.003284 0.001642 0.000000 
0.141215 0.001642 0.054187 0.172414 0.000000 0.003284 0.000000 0.001642 0.088670 0.021346 0.000000 0.090312 0.000000 0.134647 0.221675 0.052545 0.006568 0.009852 0.000000 0.000000 
0.003284 0.000000 0.045977 0.009852 0.000000 0.814450 0.003284 0.001642 0.032841 0.000000 0.000000 0.065681 0.004926 0.008210 0.000000 0.004926 0.000000 0.001642 0.000000 0.003284 
0.065681 0.008210 0.113300 0.064039 0.011494 0.008210 0.031199 0.070608 0.313629 0.000000 0.003284 0.022989 0.000000 0.054187 0.042693 0.034483 0.072250 0.029557 0.000000 0.054187 
0.008210 0.000000 0.011494 0.000000 0.003284 0.001642 0.019704 0.201970 0.000000 0.133005 0.009852 0.029557 0.001642 0.000000 0.000000 0.001642 0.068966 0.175698 0.328407 0.004926 
0.001642 0.001642 0.000000 0.000000 0.000000 0.000000 0.000000 0.064039 0.000000 0.031199 0.000000 0.000000 0.000000 0.000000 0.000000 0.000000 0.000000 0.901478 0.000000 0.000000 
0.000000 0.000000 0.000000 0.000000 0.024631 0.000000 0.000000 0.443350 0.000000 0.349754 0.003284 0.000000 0.000000 0.000000 0.000000 0.000000 0.000000 0.178982 0.000000 0.000000 
0.016420 0.348112 0.000000 0.000000 0.000000 0.170772 0.000000 0.016420 0.000000 0.062397 0.037767 0.000000 0.000000 0.008210 0.000000 0.275862 0.018062 0.045977 0.000000 0.000000 
0.000000 0.000000 0.990148 0.008210 0.000000 0.000000 0.000000 0.000000 0.000000 0.000000 0.000000 0.000000 0.000000 0.000000 0.000000 0.000000 0.001642 0.000000 0.000000 0.000000 
0.000000 0.000000 0.000000 0.000000 0.000000 0.000000 0.001642 0.000000 0.000000 0.000000 0.000000 0.000000 0.000000 0.000000 0.998358 0.000000 0.000000 0.000000 0.000000 0.000000 
0.000000 0.004926 0.000000 0.000000 0.513957 0.003284 0.172414 0.000000 0.000000 0.000000 0.000000 0.000000 0.000000 0.000000 0.000000 0.034483 0.001642 0.000000 0.000000 0.269294 
0.065681 0.009852 0.164204 0.008210 0.070608 0.000000 0.016420 0.218391 0.001642 0.057471 0.021346 0.016420 0.000000 0.000000 0.000000 0.052545 0.174056 0.088670 0.000000 0.034483 
0.006568 0.000000 0.587849 0.006568 0.034483 0.022989 0.009852 0.029557 0.000000 0.174056 0.021346 0.000000 0.019704 0.000000 0.003284 0.001642 0.000000 0.009852 0.024631 0.047619 
0.149425 0.000000 0.000000 0.000000 0.000000 0.000000 0.000000 0.000000 0.000000 0.000000 0.000000 0.000000 0.000000 0.000000 0.000000 0.850575 0.000000 0.000000 0.000000 0.000000 
0.000000 0.000000 0.000000 0.000000 0.006568 0.073892 0.000000 0.000000 0.000000 0.000000 0.021346 0.009852 0.000000 0.000000 0.019704 0.449918 0.418719 0.000000 0.000000 0.000000 
0.031199 0.000000 0.000000 0.001642 0.095238 0.000000 0.000000 0.114943 0.000000 0.233169 0.044335 0.000000 0.000000 0.155993 0.047619 0.004926 0.014778 0.164204 0.003284 0.088670 
0.886700 0.024631 0.000000 0.000000 0.000000 0.000000 0.000000 0.008210 0.000000 0.000000 0.001642 0.000000 0.000000 0.000000 0.000000 0.000000 0.001642 0.077176 0.000000 0.000000 
0.000000 0.000000 0.000000 0.000000 0.011494 0.000000 0.001642 0.000000 0.000000 0.000000 0.000000 0.000000 0.000000 0.000000 0.000000 0.000000 0.000000 0.000000 0.000000 0.986864 
0.050903 0.000000 0.000000 0.001642 0.000000 0.000000 0.000000 0.000000 0.000000 0.000000 0.000000 0.001642 0.000000 0.917898 0.000000 0.024631 0.003284 0.000000 0.000000 0.000000 
0.037767 0.018062 0.000000 0.004926 0.001642 0.829228 0.001642 0.001642 0.014778 0.011494 0.008210 0.003284 0.001642 0.018062 0.000000 0.027915 0.003284 0.004926 0.011494 0.000000 
0.183908 0.003284 0.009852 0.008210 0.059113 0.338259 0.008210 0.029557 0.009852 0.031199 0.003284 0.000000 0.003284 0.009852 0.001642 0.037767 0.008210 0.044335 0.003284 0.206897 
0.147783 0.000000 0.019704 0.022989 0.013136 0.620690 0.000000 0.004926 0.032841 0.018062 0.001642 0.011494 0.000000 0.016420 0.018062 0.016420 0.041051 0.013136 0.001642 0.000000 
0.001642 0.004926 0.018062 0.024631 0.004926 0.146141 0.003284 0.003284 0.009852 0.059113 0.003284 0.009852 0.000000 0.006568 0.683087 0.016420 0.001642 0.003284 0.000000 0.000000 
0.042693 0.000000 0.036125 0.059113 0.001642 0.591133 0.004926 0.032841 0.042693 0.057471 0.000000 0.064039 0.000000 0.039409 0.004926 0.003284 0.003284 0.013136 0.003284 0.000000 
0.009852 0.000000 0.049261 0.022989 0.024631 0.013136 0.000000 0.233169 0.001642 0.435140 0.032841 0.029557 0.032841 0.006568 0.006568 0.029557 0.008210 0.059113 0.000000 0.004926 
0.032841 0.001642 0.348112 0.031199 0.004926 0.203612 0.000000 0.027915 0.016420 0.057471 0.031199 0.039409 0.072250 0.004926 0.009852 0.082102 0.014778 0.016420 0.004926 0.000000 
0.055829 0.008210 0.041051 0.087028 0.011494 0.003284 0.004926 0.126437 0.049261 0.137931 0.057471 0.019704 0.057471 0.114943 0.080460 0.039409 0.031199 0.064039 0.004926 0.004926 
0.101806 0.000000 0.193760 0.216749 0.022989 0.022989 0.065681 0.009852 0.031199 0.055829 0.006568 0.016420 0.019704 0.047619 0.011494 0.054187 0.078818 0.009852 0.031199 0.003284 
0.047619 0.006568 0.042693 0.085386 0.047619 0.003284 0.006568 0.067323 0.118227 0.218391 0.095238 0.022989 0.003284 0.018062 0.064039 0.022989 0.032841 0.064039 0.011494 0.021346 
0.019704 0.003284 0.011494 0.014778 0.001642 0.000000 0.000000 0.274220 0.036125 0.290640 0.073892 0.008210 0.013136 0.001642 0.008210 0.003284 0.001642 0.224959 0.000000 0.013136 

