MEME version 4

ALPHABET= ACDEFGHIKLMNPQRSTVWY

Background letter frequencies
A 0.0826 C 0.0138 D 0.0546 E 0.0673 F 0.0387 G 0.0708 H 0.0228 I 0.0592 K 0.0582 L 0.0966 
M 0.0242 N 0.0406 P 0.0473 Q 0.0393 R 0.0554 S 0.0663 T 0.0536 V 0.0687 W 0.011 
Y 0.0292 

MOTIF MEME-1
letter-probability matrix: alength= 20 w= 30 nsites= 4918 E= 0.000
0.046157 0.002440 0.072387 0.091501 0.004270 0.204148 0.026027 0.024603 0.067710 0.019723 0.042294 0.060797 0.076251 0.056120 0.048800 0.070557 0.051647 0.030094 0.000000 0.004473 
0.054290 0.008540 0.011387 0.055104 0.132778 0.015047 0.009353 0.007523 0.232412 0.025417 0.008133 0.020740 0.037414 0.040260 0.068320 0.043514 0.055917 0.020943 0.003457 0.149451 
0.006913 0.001017 0.392436 0.020740 0.000610 0.004880 0.029687 0.008540 0.170191 0.004677 0.004270 0.030297 0.023587 0.043107 0.073607 0.060187 0.084384 0.032330 0.000203 0.008337 
0.117121 0.010370 0.000000 0.000000 0.008133 0.001220 0.000203 0.168361 0.000000 0.064457 0.022163 0.000407 0.002440 0.000000 0.000000 0.000813 0.016470 0.555917 0.000000 0.031924 
0.213501 0.008540 0.000203 0.000203 0.003253 0.042497 0.014640 0.233428 0.001423 0.155754 0.005287 0.019520 0.000000 0.000813 0.000813 0.015250 0.080114 0.203538 0.000000 0.001220 
0.000610 0.000000 0.000000 0.000000 0.000000 0.000000 0.000000 0.409313 0.000000 0.000813 0.000000 0.000000 0.000000 0.000000 0.000203 0.000000 0.000203 0.588857 0.000000 0.000000 
0.042090 0.024197 0.000000 0.000000 0.011183 0.000813 0.000203 0.462383 0.000000 0.113664 0.020740 0.000203 0.000000 0.000000 0.000000 0.013217 0.023993 0.279789 0.000000 0.007523 
0.000000 0.000000 0.000000 0.000000 0.000000 1.000000 0.000000 0.000000 0.000000 0.000000 0.000000 0.000000 0.000000 0.000000 0.000000 0.000000 0.000000 0.000000 0.000000 0.000000 
0.417853 0.004270 0.000000 0.000000 0.027654 0.276332 0.000000 0.001830 0.000000 0.041684 0.005490 0.000000 0.000203 0.000000 0.000000 0.070354 0.016267 0.000000 0.000407 0.137658 
0.000000 0.000000 0.000000 0.000000 0.000000 0.999797 0.000000 0.000000 0.000000 0.000000 0.000000 0.000000 0.000000 0.000000 0.000203 0.000000 0.000000 0.000000 0.000000 0.000000 
0.042294 0.001627 0.040870 0.015047 0.015657 0.027044 0.132574 0.069947 0.008947 0.119561 0.013420 0.013623 0.171004 0.009557 0.028874 0.211061 0.009760 0.047580 0.005897 0.015657 
0.347092 0.011793 0.000000 0.000000 0.025214 0.059780 0.000610 0.107361 0.000000 0.021960 0.044124 0.003660 0.000203 0.102887 0.000000 0.067914 0.030500 0.117934 0.034160 0.024807 
0.000000 0.000000 0.000000 0.000000 0.000000 0.998373 0.000000 0.000000 0.000000 0.000000 0.000000 0.000000 0.000000 0.000000 0.000000 0.001627 0.000000 0.000000 0.000000 0.000000 
0.057137 0.076251 0.000610 0.022773 0.003863 0.032534 0.091501 0.058357 0.049817 0.198048 0.024197 0.018097 0.002237 0.019113 0.026840 0.109394 0.142538 0.044937 0.000000 0.021757 
0.275112 0.004067 0.000610 0.232208 0.023993 0.118341 0.002643 0.016470 0.007523 0.035787 0.047580 0.008133 0.010370 0.004677 0.019927 0.062220 0.054900 0.061814 0.001627 0.011997 
0.435340 0.057137 0.000000 0.000000 0.008947 0.002847 0.087231 0.067507 0.000000 0.148028 0.018097 0.001423 0.000000 0.013420 0.000000 0.040667 0.054900 0.047987 0.004270 0.012200 
0.866206 0.002440 0.000000 0.000000 0.000000 0.067304 0.000000 0.000813 0.000000 0.000203 0.000000 0.000203 0.000000 0.000000 0.000000 0.037820 0.004473 0.020537 0.000000 0.000000 
0.107564 0.010777 0.007117 0.030297 0.047174 0.008743 0.014030 0.072794 0.044124 0.202521 0.059374 0.035787 0.000000 0.074014 0.066694 0.034364 0.028874 0.017283 0.037617 0.100854 
0.183408 0.010370 0.025417 0.036194 0.013623 0.029687 0.014437 0.038227 0.011997 0.058764 0.012200 0.107157 0.000000 0.098211 0.076251 0.073810 0.039854 0.086011 0.009557 0.074827 
0.243392 0.028670 0.000000 0.000000 0.040057 0.003050 0.000000 0.035990 0.000000 0.514843 0.021960 0.000000 0.002643 0.000000 0.000000 0.070354 0.014030 0.012200 0.005490 0.007320 
0.438796 0.012810 0.002440 0.004270 0.000203 0.045140 0.018910 0.008540 0.108581 0.033347 0.008540 0.008947 0.000000 0.036397 0.118137 0.072184 0.045344 0.033754 0.001220 0.002440 
0.064660 0.004880 0.125864 0.095161 0.004880 0.062424 0.037414 0.006507 0.112647 0.040260 0.011997 0.033957 0.001830 0.073607 0.244612 0.044530 0.014437 0.007930 0.008743 0.003457 
0.148231 0.006913 0.031720 0.024197 0.025214 0.014030 0.033550 0.011793 0.063847 0.110411 0.095974 0.079911 0.000203 0.049207 0.110004 0.129931 0.009353 0.031314 0.005490 0.018707 
0.009150 0.000610 0.011793 0.008337 0.000000 0.875559 0.005897 0.000000 0.016470 0.000000 0.000000 0.032737 0.017690 0.005083 0.010167 0.006507 0.000000 0.000000 0.000000 0.000000 
0.201911 0.041480 0.016063 0.004270 0.049207 0.011997 0.078691 0.068117 0.037820 0.121187 0.034770 0.017893 0.009353 0.023993 0.028467 0.026027 0.016063 0.163888 0.023383 0.025417 
0.035177 0.004473 0.100244 0.060187 0.002033 0.015657 0.015860 0.011997 0.225702 0.011590 0.002033 0.077267 0.071574 0.071574 0.167548 0.058357 0.042497 0.020740 0.000813 0.004677 
0.010777 0.025417 0.023180 0.008743 0.005693 0.002643 0.019927 0.022367 0.010370 0.019723 0.009353 0.032534 0.019520 0.002237 0.014233 0.020333 0.204555 0.545547 0.000000 0.002847 
0.088247 0.008947 0.014843 0.027044 0.006710 0.006100 0.014843 0.101464 0.042700 0.202521 0.011590 0.009353 0.000000 0.007930 0.057340 0.014030 0.135828 0.235258 0.007523 0.007727 
0.022367 0.020943 0.000000 0.001423 0.002033 0.021553 0.001017 0.152908 0.001017 0.362139 0.064050 0.000000 0.000000 0.007320 0.009150 0.002237 0.009150 0.320455 0.000000 0.002033 
0.035990 0.010573 0.000000 0.000407 0.047784 0.087027 0.015047 0.202115 0.024603 0.210248 0.006710 0.007727 0.000000 0.000407 0.001423 0.014640 0.052054 0.153721 0.072590 0.056934 

