165
A,C,D,E,F,G,H,I,K,L,M,N,P,Q,R,S,T,V,W,Y
17,8,0,0,0,0,0,3,0,26,38,0,0,0,0,1,1,71,0,0
0,138,0,0,0,0,0,0,0,4,0,0,0,0,10,7,0,6,0,0
17,7,0,0,0,0,0,3,0,27,39,0,0,0,0,0,1,71,0,0
0,141,0,0,0,0,0,0,0,2,0,0,0,0,9,7,0,6,0,0
17,6,0,0,0,0,0,3,0,27,40,0,0,0,0,0,0,72,0,0
0,143,0,0,0,0,1,0,0,2,0,0,0,0,9,6,0,4,0,0
17,5,0,0,0,0,0,3,0,28,41,0,0,0,0,0,0,71,0,0
0,145,0,0,0,0,1,0,0,1,0,0,0,0,8,6,0,4,0,0
18,4,0,0,0,0,0,3,0,28,41,0,0,0,0,0,0,71,0,0
0,147,0,0,0,0,1,0,0,1,0,0,0,0,8,5,0,3,0,0
17,3,0,0,0,0,0,3,0,29,42,0,0,0,0,0,0,71,0,0
0,148,0,0,0,0,1,0,0,1,0,0,0,0,8,4,0,2,0,1
17,2,0,0,0,0,0,3,0,29,42,0,0,0,0,0,0,72,0,0
0,150,0,0,0,0,1,0,0,1,0,0,0,0,7,4,0,1,0,1
17,1,0,0,0,0,0,3,0,29,44,0,0,0,0,0,0,71,0,0
0,152,0,0,0,0,1,0,0,1,0,0,0,0,7,3,0,0,0,1
17,0,0,0,0,0,0,3,0,29,45,0,0,0,0,0,0,71,0,0
0,153,0,0,0,0,0,0,0,1,0,0,0,0,7,3,0,0,0,1
16,0,0,0,0,0,0,3,0,28,46,0,0,0,0,0,0,72,0,0
0,154,0,0,0,0,0,0,0,1,0,0,0,0,6,3,0,0,0,1
15,0,0,0,0,0,0,3,0,29,47,0,0,0,0,0,0,71,0,0
0,154,0,0,0,0,0,0,0,2,0,0,0,0,6,2,0,0,0,1
15,1,0,0,0,0,0,3,0,28,48,0,0,0,0,0,0,70,0,0
0,155,0,0,0,0,0,0,0,2,1,0,0,0,5,2,0,0,0,0
16,1,0,0,0,0,0,4,0,28,47,0,0,0,0,1,0,68,0,0
0,153,0,0,0,0,0,1,0,3,1,0,0,0,5,2,0,0,0,0
16,2,0,1,0,0,0,4,0,28,46,0,0,0,0,1,0,67,0,0
0,150,0,0,0,1,0,1,0,3,2,0,0,0,6,2,0,0,0,0
16,3,0,1,0,0,0,4,0,28,45,1,0,0,0,1,0,66,0,0
0,149,0,0,0,1,1,1,1,2,3,0,0,0,5,2,0,0,0,0
