293 112 27 30 366 21 25 503 45 1115 96 12 28 40 59 70 111 434 68 67 
127 6 298 458 60 96 76 73 745 134 63 120 32 394 465 106 111 69 7 82 
197 14 334 782 103 41 118 94 478 110 37 98 21 200 350 169 129 100 102 45 
883 32 30 37 170 18 16 565 12 413 548 27 5 51 60 65 127 394 30 39 
46 11 8 19 2065 9 5 454 24 218 247 12 22 5 20 17 16 139 135 50 
225 22 311 339 46 60 72 36 559 93 49 336 12 248 550 370 112 34 8 40 
245 21 165 542 76 37 91 220 287 594 231 89 4 97 143 121 144 341 1 73 
374 77 21 11 958 63 50 390 29 366 237 14 4 18 33 97 29 397 9 345 
5 1 3453 7 3 3 0 3 8 4 1 9 2 6 4 10 0 1 0 2 
329 14 48 150 64 29 28 160 838 306 58 34 43 249 265 172 412 280 1 42 
4 0 2249 20 1 6 6 0 18 1 1 1068 0 0 6 123 12 5 0 2 
81 23 87 85 4 1423 147 0 569 21 24 378 13 200 293 138 34 1 0 1 
0 0 1951 42 0 33 0 0 26 1 0 680 0 4 6 643 134 2 0 0 
9 8 89 12 3 3053 27 2 69 23 11 96 0 41 44 26 4 0 3 2 
125 104 33 161 441 17 85 99 507 181 53 65 1 162 260 154 572 123 8 371 
19 7 4 3 6 2 0 1988 0 798 92 6 2 0 0 5 11 577 0 2 
27 31 997 293 0 123 7 1 12 11 1 268 4 35 6 1004 702 0 0 0 
332 23 81 186 783 81 20 135 280 394 57 47 119 57 191 117 183 149 62 225 
324 5 493 918 18 117 49 31 354 70 20 207 155 233 122 205 88 51 3 59 
11 0 367 3081 0 3 1 0 9 8 0 20 0 10 1 0 0 10 0 1 
11 0 1 0 1392 2 2 167 1 1335 194 0 1 0 0 3 15 159 78 161 
221 87 49 173 40 244 61 293 494 506 71 82 12 208 417 117 101 298 4 44 
407 48 273 358 43 102 205 141 190 193 52 198 9 237 223 212 390 173 21 47 
574 88 34 13 326 258 35 301 44 514 343 14 2 18 21 91 72 545 71 158 
162 83 21 17 285 35 19 250 59 928 908 27 51 74 19 69 105 247 74 89 
380 13 95 197 29 140 95 92 509 182 86 95 37 257 483 319 326 120 5 62 
357 24 177 212 30 152 102 100 379 248 81 266 90 102 339 466 170 182 6 39 
169 58 142 97 294 113 72 353 272 911 170 80 43 94 72 136 206 164 11 65 
107 54 120 181 121 871 45 85 177 267 225 177 170 110 87 277 142 152 10 144 
215 23 178 365 145 273 61 128 454 220 97 161 87 268 206 282 78 134 20 127 
