65 14 27 25 81 35 41 73 15 164 163 46 18 991 20 39 34 72 6 71 
197 12 126 361 29 44 37 32 256 155 18 95 33 218 190 103 53 29 0 12 
159 9 44 64 19 25 27 69 611 117 12 76 13 61 514 71 56 37 5 11 
18 1 0 3 57 6 2 315 4 1331 73 0 15 18 21 2 17 107 8 2 
284 15 35 91 43 67 46 29 328 166 41 69 13 149 355 189 52 21 1 6 
228 9 196 154 7 179 41 3 210 14 4 331 4 168 141 202 99 6 0 4 
708 66 0 2 31 53 6 18 230 101 23 4 0 33 42 523 114 40 0 6 
35 21 26 12 38 5 213 4 492 4 3 102 18 20 543 242 179 32 2 9 
76 5 0 0 12 0 0 364 0 31 6 0 1 0 0 0 2 1492 6 5 
315 58 0 0 109 116 0 63 1 1022 47 0 1 1 0 24 58 185 0 0 
2 29 0 0 7 1 0 665 0 286 40 0 0 13 0 3 4 950 0 0 
168 43 0 0 91 7 0 538 0 152 8 1 8 0 0 44 4 933 0 3 
1 0 0 0 0 1996 0 0 0 0 0 3 0 0 0 0 0 0 0 0 
757 302 0 0 3 14 0 99 0 425 83 0 1 3 0 43 40 229 0 1 
1 0 0 0 0 1917 0 0 30 0 0 6 0 13 13 18 2 0 0 0 
327 0 0 0 0 1529 0 0 0 0 0 0 5 0 0 139 0 0 0 0 
29 0 0 0 7 27 0 326 0 1055 9 0 2 0 0 0 60 484 1 0 
23 1 0 0 0 1969 0 0 2 0 0 2 0 0 0 3 0 0 0 0 
158 472 0 0 2 246 8 9 2 23 3 40 0 6 7 869 83 69 0 3 
179 5 11 419 67 20 96 47 23 49 15 75 488 32 13 73 71 89 114 114 
484 75 1 4 31 5 28 337 0 283 16 6 0 5 0 36 94 585 0 10 
983 28 0 0 14 28 0 125 0 540 13 4 0 0 0 97 30 138 0 0 
73 6 49 418 27 6 40 66 409 296 91 30 41 173 35 43 74 59 10 54 
245 29 45 41 14 40 47 37 12 144 130 359 4 91 39 109 71 27 4 512 
9 10 0 0 43 0 0 67 0 1810 23 0 0 0 0 1 1 36 0 0 
1169 44 0 6 0 36 8 79 2 58 11 3 1 4 0 70 113 387 0 9 
460 12 5 18 5 155 13 2 54 337 56 6 4 44 718 73 22 11 0 5 
814 92 0 3 27 44 4 57 0 182 159 19 0 8 8 433 110 29 0 11 
14 0 2 0 1 1972 0 0 0 0 0 6 0 0 0 4 1 0 0 0 
70 37 1 0 212 1 4 489 1 28 0 3 9 0 1 2 2 1134 0 6 
