MEME version 4

ALPHABET= ACDEFGHIKLMNPQRSTVWY

Background letter frequencies
A 0.0826 C 0.0138 D 0.0546 E 0.0673 F 0.0387 G 0.0708 H 0.0228 I 0.0592 K 0.0582 L 0.0966 
M 0.0242 N 0.0406 P 0.0473 Q 0.0393 R 0.0554 S 0.0663 T 0.0536 V 0.0687 W 0.011 
Y 0.0292 

MOTIF motif_name
letter-probability matrix: alength= 20 w= 30 nsites= 809 E= 0.000
0.161565 0.000000 0.051020 0.030612 0.006803 0.117347 0.000000 0.022109 0.061224 0.176871 0.018707 0.030612 0.096939 0.045918 0.044218 0.052721 0.032313 0.027211 0.006803 0.017007 
0.091803 0.003279 0.065574 0.024590 0.037705 0.047541 0.014754 0.026230 0.132787 0.063934 0.006557 0.032787 0.145902 0.044262 0.014754 0.031148 0.040984 0.145902 0.008197 0.021311 
0.044140 0.004566 0.070015 0.054795 0.012177 0.059361 0.009132 0.068493 0.076104 0.060883 0.045662 0.010654 0.094368 0.031963 0.036530 0.030441 0.126332 0.156773 0.003044 0.004566 
0.055874 0.001433 0.085960 0.055874 0.017192 0.030086 0.037249 0.106017 0.127507 0.144699 0.008596 0.015759 0.063037 0.028653 0.031519 0.034384 0.065903 0.074499 0.000000 0.015759 
0.076190 0.000000 0.087075 0.065306 0.005442 0.040816 0.089796 0.050340 0.136054 0.038095 0.009524 0.042177 0.074830 0.062585 0.073469 0.042177 0.031293 0.029932 0.000000 0.044898 
0.037275 0.003856 0.059126 0.101542 0.017995 0.242931 0.038560 0.017995 0.109254 0.020566 0.007712 0.064267 0.041131 0.011568 0.007712 0.044987 0.125964 0.041131 0.000000 0.006427 
0.085106 0.023780 0.011264 0.048811 0.086358 0.075094 0.002503 0.007509 0.220275 0.018773 0.006258 0.020025 0.001252 0.045056 0.027534 0.107635 0.062578 0.043805 0.000000 0.106383 
0.009913 0.000000 0.273854 0.007435 0.000000 0.011152 0.033457 0.011152 0.221809 0.000000 0.000000 0.034696 0.022305 0.027261 0.060719 0.047088 0.156134 0.073110 0.006196 0.003717 
0.115099 0.059406 0.000000 0.000000 0.013614 0.002475 0.000000 0.131188 0.001238 0.095297 0.003713 0.000000 0.000000 0.000000 0.000000 0.000000 0.001238 0.539604 0.000000 0.037129 
0.171817 0.009889 0.000000 0.004944 0.001236 0.098888 0.000000 0.166873 0.018541 0.180470 0.004944 0.000000 0.000000 0.000000 0.000000 0.004944 0.037083 0.295426 0.000000 0.004944 
0.000000 0.000000 0.000000 0.017305 0.013597 0.000000 0.000000 0.404203 0.000000 0.061805 0.002472 0.000000 0.000000 0.007417 0.002472 0.000000 0.029666 0.461063 0.000000 0.000000 
0.044499 0.011125 0.000000 0.000000 0.069221 0.042027 0.001236 0.384425 0.000000 0.110012 0.003708 0.000000 0.000000 0.024722 0.000000 0.017305 0.004944 0.286774 0.000000 0.000000 
0.000000 0.000000 0.000000 0.000000 0.000000 1.000000 0.000000 0.000000 0.000000 0.000000 0.000000 0.000000 0.000000 0.000000 0.000000 0.000000 0.000000 0.000000 0.000000 0.000000 
0.317676 0.019778 0.009889 0.000000 0.013597 0.182942 0.000000 0.024722 0.000000 0.137206 0.017305 0.000000 0.000000 0.000000 0.000000 0.174289 0.025958 0.033375 0.000000 0.043263 
0.000000 0.000000 0.000000 0.000000 0.000000 0.981459 0.000000 0.000000 0.006180 0.011125 0.000000 0.000000 0.000000 0.000000 0.001236 0.000000 0.000000 0.000000 0.000000 0.000000 
0.067985 0.000000 0.035847 0.021014 0.028430 0.268232 0.018541 0.043263 0.012361 0.032138 0.009889 0.025958 0.165637 0.012361 0.056860 0.048208 0.022250 0.107540 0.000000 0.023486 
0.283066 0.000000 0.000000 0.000000 0.016069 0.092707 0.000000 0.176761 0.000000 0.084054 0.037083 0.001236 0.001236 0.013597 0.000000 0.118665 0.004944 0.170581 0.000000 0.000000 
0.086527 0.000000 0.000000 0.000000 0.000000 0.885043 0.000000 0.000000 0.000000 0.001236 0.000000 0.000000 0.000000 0.000000 0.000000 0.024722 0.002472 0.000000 0.000000 0.000000 
0.050680 0.066749 0.000000 0.007417 0.025958 0.049444 0.027194 0.029666 0.045735 0.404203 0.030902 0.023486 0.002472 0.027194 0.051916 0.069221 0.027194 0.034611 0.004944 0.021014 
0.248455 0.002472 0.001236 0.087763 0.012361 0.066749 0.007417 0.022250 0.022250 0.025958 0.040791 0.034611 0.007417 0.014833 0.085290 0.149567 0.082818 0.044499 0.003708 0.039555 
0.404203 0.065513 0.004944 0.006180 0.021014 0.023486 0.004944 0.065513 0.002472 0.075402 0.029666 0.002472 0.002472 0.008653 0.000000 0.034611 0.058096 0.138443 0.001236 0.050680 
0.666255 0.008653 0.022250 0.001236 0.000000 0.038319 0.008653 0.084054 0.000000 0.043263 0.006180 0.003708 0.000000 0.000000 0.000000 0.029666 0.006180 0.081582 0.000000 0.000000 
0.056860 0.004944 0.027194 0.060569 0.050680 0.013597 0.004944 0.048208 0.117429 0.082818 0.077874 0.022250 0.000000 0.060569 0.212608 0.035847 0.037083 0.017305 0.003708 0.065513 
0.133498 0.002472 0.022250 0.108776 0.016069 0.123609 0.016069 0.049444 0.023486 0.049444 0.006180 0.028430 0.000000 0.097651 0.145859 0.035847 0.029666 0.059333 0.003708 0.048208 
0.217553 0.055624 0.000000 0.000000 0.048208 0.000000 0.000000 0.033375 0.000000 0.551298 0.053152 0.000000 0.000000 0.000000 0.000000 0.025958 0.000000 0.009889 0.004944 0.000000 
0.228677 0.000000 0.001236 0.024722 0.000000 0.022250 0.058096 0.045735 0.161928 0.029666 0.014833 0.007417 0.000000 0.092707 0.095179 0.085290 0.049444 0.077874 0.000000 0.004944 
0.180470 0.000000 0.060569 0.155748 0.000000 0.103832 0.007417 0.003708 0.067985 0.045735 0.012361 0.028430 0.013597 0.086527 0.102596 0.111248 0.016069 0.003708 0.000000 0.000000 
0.268232 0.004944 0.007417 0.027194 0.159456 0.002472 0.012361 0.002472 0.033375 0.103832 0.067985 0.045735 0.000000 0.061805 0.035847 0.091471 0.018541 0.002472 0.018541 0.035847 
0.003708 0.000000 0.006180 0.004944 0.000000 0.909765 0.006180 0.000000 0.018541 0.002472 0.003708 0.029666 0.006180 0.006180 0.000000 0.000000 0.000000 0.002472 0.000000 0.000000 
0.318912 0.004944 0.004944 0.001236 0.084054 0.008653 0.050680 0.090235 0.032138 0.065513 0.102596 0.000000 0.009889 0.025958 0.013597 0.011125 0.007417 0.072930 0.009889 0.085290 

