114 10 171 175 17 161 83 61 167 32 105 91 166 95 142 164 153 74 1 18 
188 68 33 60 160 58 46 35 223 103 17 30 111 58 130 75 176 131 24 274 
18 2 901 102 1 13 85 2 221 3 1 65 66 56 256 116 84 6 1 1 
202 37 1 0 30 3 4 297 0 164 11 1 3 0 0 3 39 1158 2 45 
400 61 0 0 7 41 2 383 0 450 13 2 0 0 1 6 46 585 0 3 
0 0 0 0 0 0 0 842 0 0 0 0 0 0 0 0 0 1158 0 0 
87 19 0 0 3 0 0 879 0 110 5 0 0 0 0 6 1 890 0 0 
0 0 0 0 0 2000 0 0 0 0 0 0 0 0 0 0 0 0 0 0 
959 18 0 0 7 774 1 0 0 8 1 0 0 0 0 209 16 0 1 6 
0 0 0 0 0 2000 0 0 0 0 0 0 0 0 0 0 0 0 0 0 
164 12 1 2 108 48 43 335 3 240 63 13 581 18 4 57 49 195 12 52 
810 35 0 2 9 293 4 166 0 48 45 36 1 3 1 216 130 195 3 3 
0 0 0 0 0 2000 0 0 0 0 0 0 0 0 0 0 0 0 0 0 
168 110 0 4 14 47 5 124 4 1009 137 3 9 8 9 126 61 105 1 56 
434 53 5 222 36 95 16 42 13 67 76 22 25 33 54 309 291 171 11 25 
951 139 0 0 41 10 5 107 0 217 47 4 0 2 1 82 241 145 3 5 
1954 0 0 0 0 38 0 0 0 0 0 0 0 0 0 8 0 0 0 0 
227 44 35 65 48 41 60 249 65 366 28 47 1 59 184 69 50 121 49 192 
301 20 95 242 65 86 101 56 54 134 33 40 2 99 209 95 130 99 23 116 
478 50 0 0 60 12 0 22 0 1285 30 0 0 0 0 25 10 21 2 5 
936 14 11 26 2 83 64 27 95 92 9 29 0 110 185 160 70 77 3 7 
165 7 112 270 10 60 37 12 269 110 20 60 2 218 476 100 41 18 3 10 
504 18 38 90 44 41 75 19 130 236 50 79 2 139 332 110 33 20 3 37 
0 0 5 0 0 1955 1 0 1 0 0 29 1 0 8 0 0 0 0 0 
267 41 4 10 138 15 232 173 132 326 50 13 1 31 116 30 17 215 45 144 
79 3 250 182 5 31 46 4 365 10 2 102 78 124 336 282 83 9 2 7 
51 38 41 2 30 7 5 34 8 4 0 20 55 1 10 37 197 1440 1 19 
212 37 37 40 20 17 42 141 27 348 22 6 1 24 90 41 522 354 4 15 
5 27 0 0 1 9 0 324 0 735 32 0 0 1 1 0 17 848 0 0 
41 24 0 0 228 0 0 388 0 648 13 0 0 0 2 0 6 509 10 131 
