MEME version 4

ALPHABET= ACDEFGHIKLMNPQRSTVWY

Background letter frequencies
A 0.0826 C 0.0138 D 0.0546 E 0.0673 F 0.0387 G 0.0708 H 0.0228 I 0.0592 K 0.0582 L 0.0966 
M 0.0242 N 0.0406 P 0.0473 Q 0.0393 R 0.0554 S 0.0663 T 0.0536 V 0.0687 W 0.011 
Y 0.0292 

MOTIF motif_name
letter-probability matrix: alength= 20 w= 30 nsites= 1670 E= 0.000
0.069782 0.000000 0.034587 0.065534 0.010922 0.027913 0.014563 0.041869 0.117112 0.012136 0.024879 0.026699 0.105583 0.053398 0.117718 0.052791 0.120146 0.041869 0.004854 0.057646 
0.031469 0.001166 0.003497 0.099068 0.012821 0.308275 0.031469 0.022727 0.078671 0.083916 0.016900 0.051282 0.113054 0.025641 0.027389 0.030886 0.025641 0.023310 0.005828 0.006993 
0.027444 0.005718 0.017724 0.062893 0.093196 0.144654 0.018868 0.022870 0.110921 0.054889 0.025157 0.054889 0.039451 0.080046 0.086907 0.031447 0.010863 0.026872 0.001144 0.084048 
0.020525 0.018814 0.012543 0.004561 0.041619 0.091790 0.014823 0.076397 0.254846 0.062144 0.018814 0.059293 0.006842 0.013113 0.050171 0.033637 0.092360 0.098632 0.018244 0.010832 
0.050142 0.023362 0.000000 0.000000 0.016524 0.008547 0.003419 0.259259 0.000000 0.218803 0.025071 0.010826 0.027920 0.004558 0.000570 0.011966 0.052991 0.261538 0.005128 0.019373 
0.136596 0.022766 0.000569 0.000000 0.061468 0.128059 0.001707 0.066591 0.000000 0.254411 0.025612 0.002846 0.000569 0.000569 0.010245 0.008537 0.033011 0.227661 0.004553 0.014229 
0.027888 0.001707 0.000000 0.000000 0.092203 0.000000 0.000000 0.249289 0.000000 0.366534 0.044963 0.000000 0.002846 0.000000 0.000000 0.000000 0.007399 0.207171 0.000000 0.000000 
0.047809 0.005122 0.017075 0.028458 0.104724 0.018782 0.011952 0.125213 0.000000 0.083096 0.011952 0.004553 0.023335 0.008537 0.001707 0.048947 0.066022 0.285714 0.001707 0.105293 
0.018782 0.000000 0.000000 0.000000 0.000000 0.980649 0.000000 0.000000 0.000000 0.000000 0.000000 0.000000 0.000000 0.000000 0.000000 0.000569 0.000000 0.000000 0.000000 0.000000 
0.096187 0.003415 0.090495 0.071144 0.003984 0.093341 0.007968 0.003415 0.056915 0.062038 0.013090 0.035857 0.255549 0.050655 0.044394 0.056915 0.022766 0.024474 0.001138 0.006261 
0.100740 0.005692 0.030165 0.006261 0.025612 0.140011 0.006830 0.011952 0.003415 0.005692 0.003984 0.055208 0.214001 0.013090 0.009106 0.201480 0.134320 0.031873 0.000000 0.000569 
0.015367 0.001138 0.001138 0.000000 0.000000 0.905521 0.001707 0.000000 0.001707 0.000000 0.000000 0.058623 0.000000 0.002846 0.002846 0.009106 0.000000 0.000000 0.000000 0.000000 
0.104155 0.085373 0.000000 0.000000 0.000000 0.009676 0.000569 0.027319 0.001707 0.010245 0.006830 0.003984 0.000000 0.001138 0.010245 0.239613 0.182698 0.316448 0.000000 0.000000 
0.000000 0.000000 0.000000 0.000000 0.000000 0.998862 0.000000 0.000569 0.000000 0.000000 0.000000 0.000000 0.000000 0.000000 0.000000 0.000569 0.000000 0.000000 0.000000 0.000000 
0.000569 0.003984 0.000000 0.000000 0.000000 0.002277 0.000000 0.000000 0.992032 0.000000 0.000000 0.000000 0.000000 0.000000 0.000569 0.000569 0.000000 0.000000 0.000000 0.000000 
0.000000 0.000000 0.000000 0.000000 0.000000 0.021628 0.000000 0.000000 0.000569 0.000000 0.000000 0.001138 0.000000 0.000000 0.000000 0.420603 0.556061 0.000000 0.000000 0.000000 
0.122368 0.023335 0.000000 0.026181 0.035287 0.000000 0.011952 0.001138 0.000000 0.088219 0.010245 0.023335 0.007968 0.002277 0.000000 0.116676 0.394422 0.114969 0.000000 0.021628 
0.010245 0.000569 0.000000 0.000000 0.084234 0.000000 0.000000 0.142288 0.000000 0.461582 0.010245 0.006830 0.000000 0.044394 0.000000 0.022766 0.149118 0.055208 0.002846 0.009676 
0.216401 0.027335 0.000000 0.000000 0.026196 0.017084 0.000000 0.138383 0.000000 0.206150 0.048975 0.000000 0.000000 0.017084 0.004556 0.063212 0.120729 0.113895 0.000000 0.000000 
0.061503 0.016515 0.027335 0.056378 0.009112 0.017084 0.026765 0.074032 0.119590 0.047836 0.081435 0.092825 0.018793 0.086560 0.136105 0.046697 0.033030 0.018793 0.001139 0.028474 
0.190774 0.017084 0.013098 0.092825 0.001708 0.056948 0.014237 0.032460 0.051253 0.074601 0.035308 0.034169 0.000000 0.151481 0.122437 0.052392 0.031321 0.015376 0.000000 0.012528 
0.024515 0.014253 0.000000 0.002281 0.114595 0.003421 0.027366 0.152223 0.000000 0.430445 0.043900 0.000570 0.013683 0.000000 0.000000 0.001710 0.033637 0.113455 0.001710 0.022235 
0.304696 0.008591 0.004582 0.017755 0.026346 0.044101 0.001145 0.174112 0.021764 0.117984 0.026919 0.018328 0.010882 0.026919 0.009164 0.032646 0.049828 0.095074 0.001145 0.008018 
0.073115 0.004030 0.036269 0.065055 0.023604 0.117444 0.025331 0.015544 0.093264 0.044905 0.005757 0.119747 0.005181 0.129534 0.106505 0.022453 0.052389 0.015544 0.005757 0.038572 
0.073751 0.000581 0.056330 0.124855 0.037747 0.071429 0.016841 0.017422 0.044715 0.109175 0.008130 0.171893 0.001742 0.066202 0.067944 0.020906 0.034262 0.013357 0.019744 0.042973 
0.044315 0.008163 0.030904 0.095044 0.030904 0.029738 0.065306 0.077551 0.042566 0.244315 0.027988 0.019825 0.012828 0.016910 0.012828 0.051895 0.059475 0.064723 0.004665 0.060058 
0.133724 0.004692 0.072727 0.047507 0.160704 0.134311 0.012317 0.069208 0.038710 0.015249 0.004106 0.090909 0.039296 0.034604 0.026979 0.035777 0.018182 0.042229 0.000000 0.018768 
0.129377 0.011276 0.035015 0.072404 0.016617 0.056380 0.001780 0.052226 0.118101 0.043323 0.004748 0.059347 0.111573 0.030861 0.043917 0.037982 0.024926 0.120475 0.013650 0.016024 
0.085424 0.004182 0.165472 0.092593 0.025687 0.030466 0.011947 0.034050 0.065114 0.057348 0.017921 0.040621 0.057945 0.044803 0.037037 0.072879 0.104540 0.040621 0.004182 0.007168 
0.028743 0.017365 0.080240 0.161677 0.113174 0.105389 0.101198 0.020359 0.065269 0.044910 0.002395 0.018563 0.013174 0.022754 0.023353 0.055689 0.040719 0.064671 0.000599 0.019760 

