202 11 109 176 28 101 45 32 236 70 33 78 284 109 191 143 79 38 9 26 
70 14 50 46 17 907 60 36 94 54 10 130 136 46 102 99 46 58 3 22 
66 19 98 480 34 153 51 35 191 71 21 57 86 162 177 138 88 44 6 23 
64 48 10 4 154 86 65 312 129 234 59 75 45 12 134 74 147 313 13 22 
51 29 1 1 133 6 40 406 2 330 42 35 1 3 5 29 224 557 13 92 
505 62 1 3 56 389 8 128 1 371 42 3 15 4 3 80 48 232 32 17 
2 5 0 0 156 0 0 672 0 803 25 0 0 0 0 0 1 333 0 3 
85 67 16 37 48 20 48 256 21 317 76 19 1 30 27 99 194 531 25 83 
0 0 0 0 0 2000 0 0 0 0 0 0 0 0 0 0 0 0 0 0 
156 6 66 223 35 83 47 37 100 73 71 42 639 48 141 90 47 73 1 22 
84 3 16 7 4 100 3 15 8 32 12 487 315 15 32 546 260 49 7 5 
0 0 0 0 0 1945 0 0 0 0 0 55 0 0 0 0 0 0 0 0 
531 208 1 5 0 28 2 81 3 39 14 5 0 6 4 633 231 209 0 0 
0 0 0 0 0 2000 0 0 0 0 0 0 0 0 0 0 0 0 0 0 
0 0 0 0 0 0 0 0 2000 0 0 0 0 0 0 0 0 0 0 0 
0 0 0 0 0 0 0 0 0 0 0 0 0 0 0 1003 997 0 0 0 
12 4 0 0 10 0 41 0 0 65 37 1 0 0 0 342 1454 15 0 19 
39 11 0 0 131 0 0 218 0 1171 39 0 0 36 0 17 204 132 0 2 
415 37 0 1 94 55 1 287 1 676 123 0 0 2 2 53 47 199 3 4 
111 13 82 85 16 44 57 15 394 82 27 284 26 123 407 130 40 27 3 34 
412 73 23 51 24 44 48 193 82 367 116 30 1 80 73 121 104 119 8 31 
62 11 0 0 78 11 1 562 0 906 95 0 1 0 0 4 18 220 6 25 
540 80 10 44 79 87 16 100 29 326 67 60 18 32 36 152 139 105 3 77 
107 15 73 87 29 684 50 17 128 93 14 131 12 75 278 72 59 21 12 43 
161 15 90 208 152 42 56 115 80 471 51 49 17 92 121 78 54 77 12 59 
124 32 76 136 81 36 41 179 50 538 58 41 23 45 50 68 78 116 38 190 
137 17 160 162 48 161 45 56 178 103 20 105 181 96 170 120 108 76 8 49 
190 35 70 90 46 108 42 87 100 124 24 54 502 70 100 96 63 127 13 59 
104 15 256 144 29 90 41 64 125 92 22 102 78 125 125 191 280 69 8 40 
169 15 85 169 127 248 46 49 121 85 16 69 41 78 108 315 106 95 7 51 
