0 0 0 0 0 0 0 642 0 172 8 0 0 0 0 6 5 68 0 0
0 0 0 0 0 0 0 12 0 887 0 0 1 0 0 0 0 1 0 0
0 0 0 0 0 0 0 618 0 103 0 0 0 0 0 0 0 180 0 0
0 0 0 0 0 0 0 0 900 0 0 0 0 1 0 0 0 0 0 0
1 1 0 0 146 0 0 57 0 166 3 0 74 0 0 0 0 446 0 7
0 0 1 0 0 0 0 0 0 0 0 900 0 0 0 0 0 0 0 0
0 0 0 0 0 0 0 0 0 0 0 0 0 901 0 0 0 0 0 0
0 0 0 0 0 0 0 890 0 0 0 1 0 0 0 0 0 10 0 0
1 0 0 0 0 900 0 0 0 0 0 0 0 0 0 0 0 0 0 0
0 0 0 0 0 0 0 0 0 0 0 0 0 0 0 314 587 0 0 0
0 0 0 0 0 0 0 48 0 743 1 0 0 0 0 0 0 109 0 0
0 0 0 0 0 0 0 0 0 1 0 0 0 0 0 158 742 0 0 0
1 0 12 874 0 1 0 0 1 0 0 0 0 11 1 0 0 0 0 0
40 0 0 0 0 0 0 0 0 0 0 0 0 0 0 80 781 0 0 0