MEME version 4

ALPHABET= ACDEFGHIKLMNPQRSTVWY

Background letter frequencies
A 0.0826 C 0.0138 D 0.0546 E 0.0673 F 0.0387 G 0.0708 H 0.0228 I 0.0592 K 0.0582 L 0.0966 
M 0.0242 N 0.0406 P 0.0473 Q 0.0393 R 0.0554 S 0.0663 T 0.0536 V 0.0687 W 0.011 
Y 0.0292 

MOTIF MEME-1
letter-probability matrix: alength= 20 w= 50 nsites= 124 E= 0.000
0.000000 0.000000 0.000000 0.000000 0.322581 0.185484 0.000000 0.145161 0.000000 0.000000 0.016129 0.000000 0.000000 0.000000 0.008065 0.000000 0.000000 0.274194 0.000000 0.048387 
0.169355 0.000000 0.000000 0.024194 0.000000 0.000000 0.000000 0.048387 0.000000 0.556452 0.185484 0.000000 0.000000 0.000000 0.000000 0.000000 0.008065 0.008065 0.000000 0.000000 
0.040323 0.000000 0.000000 0.000000 0.201613 0.008065 0.048387 0.040323 0.000000 0.056452 0.000000 0.000000 0.064516 0.040323 0.008065 0.137097 0.008065 0.000000 0.000000 0.346774 
0.056452 0.000000 0.000000 0.000000 0.000000 0.072581 0.000000 0.000000 0.000000 0.000000 0.000000 0.000000 0.185484 0.000000 0.000000 0.258065 0.419355 0.008065 0.000000 0.000000 
0.177419 0.000000 0.008065 0.000000 0.000000 0.008065 0.000000 0.024194 0.000000 0.000000 0.000000 0.016129 0.290323 0.185484 0.000000 0.241935 0.048387 0.000000 0.000000 0.000000 
0.000000 0.000000 0.000000 0.024194 0.104839 0.000000 0.000000 0.024194 0.000000 0.000000 0.483871 0.000000 0.000000 0.024194 0.000000 0.000000 0.193548 0.137097 0.000000 0.008065 
0.088710 0.000000 0.000000 0.000000 0.258065 0.000000 0.048387 0.000000 0.008065 0.000000 0.000000 0.024194 0.000000 0.008065 0.064516 0.056452 0.040323 0.185484 0.177419 0.040323 
0.000000 0.000000 0.000000 0.185484 0.000000 0.000000 0.000000 0.000000 0.024194 0.000000 0.000000 0.000000 0.000000 0.000000 0.000000 0.000000 0.000000 0.000000 0.000000 0.790323 
0.000000 0.000000 0.169355 0.000000 0.000000 0.000000 0.000000 0.000000 0.000000 0.000000 0.000000 0.008065 0.814516 0.000000 0.000000 0.008065 0.000000 0.000000 0.000000 0.000000 
0.169355 0.209677 0.000000 0.000000 0.048387 0.064516 0.096774 0.000000 0.000000 0.032258 0.000000 0.000000 0.185484 0.024194 0.000000 0.016129 0.072581 0.048387 0.000000 0.032258 
0.008065 0.000000 0.193548 0.048387 0.000000 0.048387 0.016129 0.000000 0.000000 0.000000 0.000000 0.685484 0.000000 0.000000 0.000000 0.000000 0.000000 0.000000 0.000000 0.000000 
0.000000 0.000000 0.000000 0.016129 0.000000 0.000000 0.080645 0.000000 0.000000 0.008065 0.000000 0.000000 0.000000 0.024194 0.000000 0.008065 0.000000 0.048387 0.000000 0.814516 
0.008065 0.000000 0.000000 0.000000 0.000000 0.814516 0.000000 0.024194 0.008065 0.000000 0.000000 0.032258 0.000000 0.000000 0.008065 0.032258 0.024194 0.048387 0.000000 0.000000 
0.000000 0.000000 0.072581 0.008065 0.548387 0.000000 0.096774 0.048387 0.000000 0.016129 0.000000 0.000000 0.000000 0.000000 0.000000 0.000000 0.000000 0.008065 0.000000 0.201613 
0.016129 0.000000 0.000000 0.000000 0.024194 0.000000 0.000000 0.548387 0.056452 0.032258 0.000000 0.000000 0.112903 0.000000 0.000000 0.008065 0.000000 0.201613 0.000000 0.000000 
0.016129 0.000000 0.024194 0.153226 0.000000 0.000000 0.040323 0.000000 0.024194 0.008065 0.000000 0.129032 0.540323 0.016129 0.008065 0.032258 0.008065 0.000000 0.000000 0.000000 
0.000000 0.000000 0.080645 0.040323 0.000000 0.032258 0.201613 0.000000 0.016129 0.008065 0.000000 0.201613 0.000000 0.104839 0.129032 0.008065 0.177419 0.000000 0.000000 0.000000 
0.024194 0.000000 0.008065 0.000000 0.000000 0.072581 0.000000 0.000000 0.096774 0.000000 0.000000 0.008065 0.000000 0.000000 0.000000 0.024194 0.766129 0.000000 0.000000 0.000000 
0.112903 0.064516 0.000000 0.000000 0.000000 0.000000 0.000000 0.016129 0.008065 0.701613 0.008065 0.000000 0.000000 0.000000 0.008065 0.000000 0.000000 0.000000 0.040323 0.040323 
0.153226 0.185484 0.064516 0.040323 0.008065 0.088710 0.000000 0.000000 0.080645 0.000000 0.000000 0.000000 0.000000 0.000000 0.000000 0.250000 0.000000 0.032258 0.000000 0.096774 
0.008065 0.000000 0.209677 0.241935 0.000000 0.250000 0.000000 0.000000 0.008065 0.153226 0.000000 0.048387 0.000000 0.000000 0.000000 0.032258 0.000000 0.000000 0.032258 0.016129 
0.000000 0.000000 1.000000 0.000000 0.000000 0.000000 0.000000 0.000000 0.000000 0.000000 0.000000 0.000000 0.000000 0.000000 0.000000 0.000000 0.000000 0.000000 0.000000 0.000000 
0.000000 0.000000 0.024194 0.008065 0.000000 0.701613 0.000000 0.000000 0.000000 0.000000 0.000000 0.217742 0.000000 0.016129 0.000000 0.032258 0.000000 0.000000 0.000000 0.000000 
0.000000 0.000000 1.000000 0.000000 0.000000 0.000000 0.000000 0.000000 0.000000 0.000000 0.000000 0.000000 0.000000 0.000000 0.000000 0.000000 0.000000 0.000000 0.000000 0.000000 
0.000000 0.000000 0.000000 0.064516 0.000000 0.000000 0.000000 0.000000 0.000000 0.000000 0.000000 0.000000 0.935484 0.000000 0.000000 0.000000 0.000000 0.000000 0.000000 0.000000 
0.032258 0.008065 0.000000 0.000000 0.056452 0.000000 0.000000 0.161290 0.000000 0.419355 0.072581 0.000000 0.000000 0.000000 0.000000 0.000000 0.000000 0.250000 0.000000 0.000000 
0.000000 0.000000 1.000000 0.000000 0.000000 0.000000 0.000000 0.000000 0.000000 0.000000 0.000000 0.000000 0.000000 0.000000 0.000000 0.000000 0.000000 0.000000 0.000000 0.000000 
0.120968 0.016129 0.000000 0.000000 0.000000 0.032258 0.000000 0.112903 0.000000 0.000000 0.000000 0.000000 0.000000 0.000000 0.000000 0.000000 0.000000 0.717742 0.000000 0.000000 
0.000000 0.120968 0.000000 0.000000 0.016129 0.000000 0.000000 0.016129 0.000000 0.725806 0.112903 0.000000 0.000000 0.000000 0.000000 0.000000 0.000000 0.008065 0.000000 0.000000 
0.000000 0.000000 0.000000 0.185484 0.000000 0.000000 0.000000 0.040323 0.000000 0.024194 0.000000 0.000000 0.000000 0.000000 0.000000 0.000000 0.000000 0.750000 0.000000 0.000000 
0.000000 0.048387 0.000000 0.000000 0.040323 0.000000 0.008065 0.403226 0.000000 0.217742 0.008065 0.000000 0.120968 0.000000 0.000000 0.000000 0.000000 0.145161 0.000000 0.008065 
0.064516 0.008065 0.000000 0.000000 0.000000 0.209677 0.000000 0.016129 0.000000 0.096774 0.177419 0.064516 0.000000 0.000000 0.000000 0.112903 0.225806 0.024194 0.000000 0.000000 
0.008065 0.000000 0.088710 0.145161 0.000000 0.008065 0.048387 0.000000 0.000000 0.000000 0.000000 0.024194 0.266129 0.120968 0.080645 0.104839 0.080645 0.000000 0.016129 0.008065 
0.024194 0.000000 0.024194 0.241935 0.008065 0.008065 0.040323 0.008065 0.072581 0.048387 0.000000 0.024194 0.000000 0.120968 0.064516 0.008065 0.048387 0.048387 0.000000 0.209677 
0.064516 0.000000 0.000000 0.016129 0.000000 0.000000 0.000000 0.048387 0.008065 0.000000 0.000000 0.000000 0.645161 0.048387 0.008065 0.048387 0.000000 0.112903 0.000000 0.000000 
0.056452 0.040323 0.000000 0.000000 0.056452 0.072581 0.000000 0.048387 0.000000 0.298387 0.000000 0.000000 0.008065 0.000000 0.000000 0.000000 0.137097 0.282258 0.000000 0.000000 
0.104839 0.000000 0.000000 0.016129 0.169355 0.008065 0.000000 0.064516 0.024194 0.104839 0.032258 0.008065 0.000000 0.104839 0.000000 0.024194 0.016129 0.177419 0.000000 0.145161 
0.024194 0.008065 0.000000 0.000000 0.000000 0.000000 0.016129 0.008065 0.000000 0.000000 0.000000 0.000000 0.717742 0.000000 0.072581 0.024194 0.104839 0.024194 0.000000 0.000000 
0.016129 0.000000 0.000000 0.000000 0.000000 0.903226 0.000000 0.000000 0.000000 0.048387 0.008065 0.016129 0.000000 0.000000 0.000000 0.008065 0.000000 0.000000 0.000000 0.000000 
0.072581 0.250000 0.016129 0.064516 0.000000 0.008065 0.000000 0.024194 0.000000 0.000000 0.000000 0.000000 0.000000 0.088710 0.000000 0.282258 0.064516 0.129032 0.000000 0.000000 
0.008065 0.000000 0.000000 0.000000 0.120968 0.008065 0.000000 0.145161 0.008065 0.072581 0.000000 0.000000 0.000000 0.000000 0.000000 0.008065 0.000000 0.620968 0.000000 0.008065 
0.000000 0.000000 0.000000 0.000000 0.000000 0.000000 0.000000 0.516129 0.104839 0.145161 0.040323 0.000000 0.000000 0.000000 0.000000 0.000000 0.000000 0.185484 0.000000 0.008065 
0.032258 0.000000 0.040323 0.145161 0.000000 0.024194 0.024194 0.000000 0.129032 0.000000 0.000000 0.064516 0.048387 0.112903 0.354839 0.016129 0.008065 0.000000 0.000000 0.000000 
0.354839 0.266129 0.000000 0.000000 0.000000 0.000000 0.000000 0.000000 0.000000 0.000000 0.000000 0.000000 0.000000 0.000000 0.000000 0.032258 0.040323 0.306452 0.000000 0.000000 
0.000000 0.000000 0.000000 0.000000 0.000000 0.000000 0.016129 0.000000 0.282258 0.000000 0.000000 0.008065 0.000000 0.000000 0.685484 0.000000 0.000000 0.008065 0.000000 0.000000 
0.153226 0.000000 0.000000 0.000000 0.000000 0.000000 0.000000 0.056452 0.000000 0.024194 0.000000 0.000000 0.516129 0.000000 0.000000 0.000000 0.008065 0.241935 0.000000 0.000000 
0.000000 0.000000 0.000000 0.000000 0.000000 0.000000 0.000000 0.435484 0.000000 0.201613 0.000000 0.000000 0.000000 0.000000 0.000000 0.000000 0.000000 0.362903 0.000000 0.000000 
0.040323 0.000000 0.000000 0.000000 0.000000 0.959677 0.000000 0.000000 0.000000 0.000000 0.000000 0.000000 0.000000 0.000000 0.000000 0.000000 0.000000 0.000000 0.000000 0.000000 
0.056452 0.000000 0.000000 0.000000 0.016129 0.000000 0.000000 0.120968 0.000000 0.161290 0.129032 0.000000 0.000000 0.000000 0.000000 0.000000 0.032258 0.467742 0.000000 0.016129 
0.008065 0.000000 0.000000 0.000000 0.096774 0.000000 0.000000 0.016129 0.000000 0.564516 0.314516 0.000000 0.000000 0.000000 0.000000 0.000000 0.000000 0.000000 0.000000 0.000000 

