MEME version 4

ALPHABET= ACDEFGHIKLMNPQRSTVWY

Background letter frequencies
A 0.0826 C 0.0138 D 0.0546 E 0.0673 F 0.0387 G 0.0708 H 0.0228 I 0.0592 K 0.0582 L 0.0966 
M 0.0242 N 0.0406 P 0.0473 Q 0.0393 R 0.0554 S 0.0663 T 0.0536 V 0.0687 W 0.011 
Y 0.0292 

MOTIF MEME-1
letter-probability matrix: alength= 20 w= 30 nsites= 2932 E= 0.000
0.067190 0.005457 0.084584 0.104025 0.007162 0.090382 0.035471 0.024216 0.069918 0.023874 0.044679 0.077422 0.076398 0.056276 0.052183 0.079468 0.069918 0.024898 0.000000 0.006480 
0.075375 0.010914 0.020805 0.066166 0.175648 0.018759 0.011596 0.009209 0.092769 0.034106 0.005116 0.015689 0.023192 0.055593 0.054570 0.040928 0.065484 0.027626 0.004434 0.192019 
0.007844 0.000341 0.525239 0.032401 0.000682 0.006480 0.030014 0.001023 0.094134 0.001364 0.000000 0.023533 0.036494 0.023192 0.078104 0.069236 0.044338 0.013302 0.000000 0.012278 
0.086630 0.014325 0.000000 0.000000 0.008186 0.001023 0.000000 0.171214 0.000000 0.053206 0.032060 0.000341 0.002729 0.000000 0.000000 0.000682 0.009891 0.611528 0.000000 0.008186 
0.132674 0.008868 0.000341 0.000341 0.003411 0.022851 0.022851 0.290246 0.002387 0.171555 0.003070 0.032742 0.000000 0.001364 0.001364 0.010232 0.095839 0.198499 0.000000 0.001364 
0.000682 0.000000 0.000000 0.000000 0.000000 0.000000 0.000000 0.330491 0.000000 0.000682 0.000000 0.000000 0.000000 0.000000 0.000341 0.000000 0.000000 0.667804 0.000000 0.000000 
0.020464 0.000000 0.000000 0.000000 0.000000 0.000341 0.000000 0.516712 0.000000 0.070941 0.003070 0.000341 0.000000 0.000000 0.000000 0.022169 0.023874 0.342087 0.000000 0.000000 
0.000000 0.000000 0.000000 0.000000 0.000000 1.000000 0.000000 0.000000 0.000000 0.000000 0.000000 0.000000 0.000000 0.000000 0.000000 0.000000 0.000000 0.000000 0.000000 0.000000 
0.498977 0.001364 0.000000 0.000000 0.000000 0.396317 0.000000 0.000341 0.000000 0.013984 0.000000 0.000000 0.000000 0.000000 0.000000 0.080491 0.006480 0.000000 0.000341 0.001705 
0.000000 0.000000 0.000000 0.000000 0.000000 0.999659 0.000000 0.000000 0.000000 0.000000 0.000000 0.000000 0.000000 0.000000 0.000341 0.000000 0.000000 0.000000 0.000000 0.000000 
0.038199 0.002387 0.000341 0.006139 0.010573 0.026603 0.215211 0.069918 0.005116 0.166098 0.021146 0.013302 0.234652 0.010914 0.003752 0.105048 0.008527 0.044679 0.002046 0.015348 
0.487722 0.008868 0.000000 0.000000 0.012278 0.093111 0.000000 0.107094 0.000000 0.014325 0.011937 0.006139 0.000341 0.000682 0.000000 0.077080 0.029332 0.068895 0.042292 0.039905 
0.002046 0.000000 0.000000 0.000000 0.000000 0.985334 0.000000 0.000000 0.000000 0.000000 0.000000 0.000000 0.000000 0.000000 0.000000 0.012619 0.000000 0.000000 0.000000 0.000000 
0.056276 0.104025 0.000000 0.031378 0.002387 0.005116 0.001023 0.071623 0.006480 0.218963 0.030355 0.001705 0.003070 0.002387 0.009891 0.153820 0.204980 0.066849 0.000000 0.029673 
0.200887 0.006821 0.000341 0.347885 0.029332 0.061733 0.002729 0.011255 0.002729 0.030355 0.063779 0.011937 0.009209 0.006480 0.021487 0.068213 0.056958 0.054229 0.001023 0.012619 
0.625171 0.028649 0.000000 0.000000 0.007503 0.001023 0.000000 0.034447 0.000000 0.150068 0.021487 0.002046 0.000000 0.000341 0.000000 0.027967 0.053547 0.041269 0.002387 0.004093 
0.914393 0.001705 0.000000 0.000000 0.000000 0.034447 0.000000 0.000000 0.000000 0.000000 0.000000 0.000000 0.000000 0.000000 0.000000 0.033083 0.007162 0.009209 0.000000 0.000000 
0.115280 0.007503 0.008186 0.017735 0.052183 0.011255 0.011596 0.112892 0.048772 0.212824 0.086630 0.032401 0.000000 0.022169 0.053888 0.023874 0.020123 0.018417 0.057640 0.086630 
0.261255 0.013302 0.046044 0.043656 0.015689 0.040246 0.016712 0.031037 0.016030 0.051501 0.010573 0.016371 0.000000 0.101978 0.058322 0.045703 0.060027 0.090723 0.002387 0.078445 
0.327422 0.029332 0.000000 0.000000 0.042292 0.003070 0.000000 0.045020 0.000000 0.425989 0.012278 0.000000 0.004093 0.000000 0.000000 0.079468 0.014666 0.013984 0.000000 0.002387 
0.589359 0.019441 0.001705 0.003411 0.000000 0.051160 0.018759 0.006480 0.053888 0.027967 0.005457 0.005457 0.000000 0.028990 0.040928 0.078104 0.022851 0.044679 0.001364 0.000000 
0.050836 0.001365 0.042648 0.085295 0.002729 0.037871 0.054248 0.003071 0.143978 0.041283 0.010577 0.031730 0.000000 0.091095 0.346981 0.030706 0.012624 0.007506 0.000341 0.005118 
0.172237 0.005457 0.012278 0.025580 0.016030 0.012278 0.022851 0.022510 0.043656 0.116303 0.145975 0.079127 0.000000 0.056958 0.166780 0.031378 0.010573 0.041269 0.001023 0.017735 
0.000682 0.000000 0.005116 0.004093 0.000000 0.941678 0.000682 0.000000 0.007503 0.000000 0.000000 0.018759 0.000000 0.006821 0.005116 0.003411 0.000000 0.006139 0.000000 0.000000 
0.210778 0.045703 0.004775 0.005116 0.055935 0.003411 0.107435 0.075716 0.059004 0.114598 0.025921 0.013984 0.000000 0.037858 0.039563 0.027967 0.006139 0.109823 0.026603 0.029673 
0.031378 0.003411 0.078786 0.062415 0.001705 0.009209 0.024216 0.003070 0.270805 0.002046 0.002729 0.063438 0.063438 0.094475 0.173602 0.066166 0.036153 0.006821 0.000000 0.006139 
0.007844 0.021146 0.009209 0.000000 0.003411 0.002387 0.027626 0.004434 0.000000 0.000341 0.000000 0.022510 0.010573 0.000341 0.003070 0.011937 0.303547 0.568554 0.000000 0.003070 
0.124829 0.008186 0.013302 0.024216 0.005798 0.009209 0.019441 0.045020 0.037176 0.263302 0.012278 0.011255 0.000000 0.010232 0.052524 0.013984 0.165416 0.178718 0.000000 0.005116 
0.000682 0.023883 0.000000 0.000341 0.000000 0.015694 0.000000 0.128625 0.000682 0.512794 0.039236 0.000000 0.000000 0.007847 0.000000 0.002047 0.004435 0.263733 0.000000 0.000000 
0.020805 0.009209 0.000000 0.000000 0.072647 0.000341 0.023533 0.249318 0.000341 0.259209 0.009209 0.008186 0.000000 0.000682 0.001364 0.010232 0.002729 0.162347 0.090041 0.079809 

