MEME version 4

ALPHABET= ACDEFGHIKLMNPQRSTVWY

Background letter frequencies
A 0.0826 C 0.0138 D 0.0546 E 0.0673 F 0.0387 G 0.0708 H 0.0228 I 0.0592 K 0.0582 L 0.0966
M 0.0242 N 0.0406 P 0.0473 Q 0.0393 R 0.0554 S 0.0663 T 0.0536 V 0.0687 W 0.011
Y 0.0292

MOTIF MEME-1
letter-probability matrix: alength= 20 w= 30 nsites= 2932 E= 0.000
0.046380 0.007565 0.050501 0.066575 0.007503 0.222899 0.027749 0.025782 0.081680 0.064776 0.027804 0.062634 0.084084 0.036112 0.039556 0.061487 0.045443 0.023717 0.001046 0.016705 
0.066055 0.007392 0.043006 0.089975 0.103590 0.065383 0.011341 0.029233 0.095145 0.045316 0.009644 0.035794 0.046343 0.054596 0.059601 0.056309 0.043122 0.030938 0.002923 0.104298 
0.013909 0.007360 0.278829 0.032227 0.041049 0.023528 0.045858 0.050684 0.112351 0.030121 0.009647 0.047820 0.038300 0.016877 0.065066 0.048762 0.052837 0.065294 0.005882 0.013590 
0.060780 0.012156 0.000000 0.000471 0.020329 0.001322 0.006014 0.212490 0.000079 0.104986 0.023429 0.008825 0.007038 0.009752 0.000654 0.006930 0.049785 0.460465 0.000758 0.013741 
0.190893 0.016775 0.000223 0.000354 0.032583 0.092267 0.013204 0.171974 0.001377 0.180554 0.010817 0.016528 0.000131 0.002748 0.000970 0.021614 0.073464 0.163305 0.003974 0.006251 
0.005361 0.001961 0.000000 0.000000 0.058303 0.000000 0.000000 0.305331 0.000000 0.222235 0.014484 0.000000 0.000000 0.000000 0.000170 0.000000 0.001673 0.390375 0.000000 0.000104 
0.041999 0.007268 0.004418 0.014275 0.049702 0.010733 0.005987 0.345419 0.001438 0.095239 0.014398 0.001007 0.004471 0.003216 0.002092 0.028758 0.041246 0.285716 0.002301 0.040316 
0.000000 0.000000 0.000000 0.000000 0.000000 1.000000 0.000000 0.000000 0.000000 0.000000 0.000000 0.000000 0.000000 0.000000 0.000000 0.000000 0.000000 0.000000 0.000000 0.000000 
0.276575 0.001911 0.015033 0.028603 0.006588 0.249141 0.008915 0.006654 0.024576 0.044641 0.013203 0.004418 0.147119 0.015007 0.070775 0.054860 0.008416 0.016680 0.000458 0.006421 
0.036945 0.000104 0.009151 0.007713 0.004680 0.518550 0.000418 0.003007 0.001019 0.001386 0.006719 0.049129 0.140773 0.003869 0.006027 0.129870 0.061549 0.018381 0.000052 0.000653 
0.019100 0.001194 0.000171 0.003070 0.005287 0.415022 0.107606 0.034959 0.002558 0.083049 0.010573 0.104931 0.117326 0.005457 0.001876 0.052524 0.004264 0.022340 0.001023 0.007674 
0.353304 0.044933 0.000078 0.000497 0.006819 0.050843 0.000235 0.063796 0.000287 0.041909 0.007511 0.004690 0.000170 0.002040 0.000183 0.155121 0.062093 0.164232 0.021146 0.020109 
0.001023 0.000000 0.000000 0.000000 0.000000 0.992667 0.000000 0.000000 0.000000 0.000000 0.000000 0.000000 0.000000 0.000000 0.000000 0.006310 0.000000 0.000000 0.000000 0.000000 
0.028138 0.052012 0.000000 0.015689 0.001193 0.002558 0.000511 0.035811 0.503240 0.109481 0.015177 0.000852 0.001535 0.001193 0.004945 0.076910 0.102490 0.033424 0.000000 0.014836 
0.100443 0.003410 0.000170 0.173942 0.014666 0.030866 0.001364 0.005627 0.001364 0.015177 0.031889 0.005968 0.004604 0.003240 0.010743 0.291218 0.271367 0.027114 0.000511 0.006309 
0.335071 0.018822 0.000000 0.000000 0.014367 0.000512 0.017099 0.017224 0.000000 0.108605 0.016077 0.008579 0.000000 0.000171 0.000000 0.101727 0.287885 0.062781 0.001194 0.009890 
0.476649 0.004408 0.000575 0.000000 0.030956 0.017224 0.001281 0.049964 0.000000 0.289323 0.008419 0.008733 0.000000 0.006720 0.000183 0.021849 0.044812 0.036711 0.000000 0.002196 
0.148364 0.008432 0.004093 0.008998 0.047217 0.022936 0.006086 0.145287 0.024491 0.243805 0.085043 0.016253 0.000026 0.013935 0.029402 0.040122 0.032024 0.050570 0.029500 0.043420 
0.160982 0.010023 0.032722 0.049882 0.013439 0.027130 0.033115 0.021192 0.061246 0.040313 0.031458 0.128924 0.003320 0.097057 0.104616 0.050095 0.041125 0.049414 0.001612 0.042334 
0.274017 0.027764 0.011425 0.033884 0.024126 0.015993 0.010118 0.061884 0.019739 0.255820 0.022218 0.016262 0.002308 0.025308 0.039427 0.074455 0.046995 0.029895 0.002771 0.005586 
0.302575 0.011681 0.000878 0.002254 0.028812 0.025815 0.010974 0.118435 0.027153 0.248976 0.020873 0.002781 0.007399 0.015227 0.020568 0.040071 0.020733 0.088670 0.001911 0.004209 
0.175909 0.013938 0.023834 0.054883 0.012188 0.047695 0.030627 0.060414 0.080826 0.077036 0.014622 0.044781 0.003346 0.050306 0.177700 0.052819 0.039098 0.029035 0.000798 0.010141 
0.115950 0.006284 0.023892 0.035458 0.013924 0.125910 0.028159 0.014785 0.059033 0.075355 0.075550 0.104665 0.006458 0.055069 0.163238 0.028448 0.020477 0.025393 0.003048 0.018907 
0.053886 0.001150 0.018637 0.075357 0.022877 0.481924 0.010825 0.017883 0.028145 0.076762 0.017543 0.046453 0.001595 0.032562 0.041174 0.023014 0.015504 0.013397 0.004340 0.016968 
0.127195 0.026721 0.025971 0.047896 0.042740 0.015458 0.061927 0.088634 0.067336 0.186907 0.035054 0.021555 0.002902 0.027662 0.044281 0.026873 0.019986 0.077528 0.016387 0.036982 
0.072424 0.004137 0.080467 0.057718 0.021376 0.052398 0.022827 0.030138 0.164920 0.024475 0.005730 0.067328 0.063668 0.069173 0.132110 0.055751 0.036692 0.024980 0.000810 0.012874 
0.070069 0.015750 0.017573 0.024158 0.012268 0.030372 0.018336 0.016466 0.054722 0.041009 0.008602 0.021007 0.066414 0.018655 0.026425 0.031068 0.166938 0.346947 0.001543 0.011680 
0.098260 0.008982 0.050235 0.049705 0.006429 0.022279 0.019133 0.084056 0.051217 0.156541 0.010741 0.034204 0.039793 0.024124 0.056460 0.039125 0.124018 0.116524 0.000445 0.007735 
0.042827 0.014556 0.023113 0.027519 0.054042 0.052111 0.029753 0.083425 0.020185 0.277941 0.024403 0.014877 0.008811 0.013911 0.021675 0.046856 0.033932 0.193831 0.000994 0.015243 
0.020805 0.009209 0.000000 0.000000 0.072647 0.000341 0.023533 0.249318 0.000341 0.259208 0.009209 0.008186 0.000000 0.000682 0.001364 0.010232 0.002729 0.162347 0.090041 0.079809 
