362 41 261 293 176 365 106 321 240 531 136 180 155 185 289 280 252 341 44 100 
349 54 230 281 156 323 99 367 249 507 114 191 159 216 277 331 257 347 34 117 
365 30 240 285 198 327 96 327 235 537 114 189 177 196 241 352 249 355 33 112 
387 38 235 285 187 309 98 306 204 561 139 193 201 210 243 308 259 373 30 92 
389 41 243 275 184 310 99 329 263 541 115 190 184 217 258 286 273 323 42 96 
370 46 240 272 174 328 109 343 248 505 126 190 159 190 273 301 262 371 37 114 
365 36 254 268 185 371 110 319 237 563 126 168 178 203 266 298 237 337 38 99 
361 44 230 258 197 322 88 349 266 533 125 175 171 223 269 323 261 320 37 106 
386 41 227 298 171 349 102 310 255 542 123 183 202 205 252 288 255 326 28 115 
350 51 224 291 173 352 95 350 231 540 118 177 192 168 281 308 240 365 32 120 
355 36 208 302 192 351 106 328 232 524 109 183 185 195 301 311 278 304 37 121 
363 44 242 282 200 358 92 319 230 521 124 179 195 204 266 293 265 329 35 117 
310 35 266 282 204 313 93 334 250 527 118 182 179 223 273 326 265 327 33 118 
364 43 280 311 178 377 87 296 233 531 112 172 174 203 287 299 241 308 28 134 
346 51 278 285 182 355 115 326 245 523 127 158 168 213 246 296 251 334 39 120 
79 0 14 22 19 741 24 2 6 25 2 10 11 30 9 3554 10 67 3 30 
98 1 1 22 20 3940 44 92 27 57 10 8 40 68 14 70 5 120 4 17 
72 1 15 207 5 3544 8 6 68 14 34 230 3 363 34 35 8 8 2 1 
112 3 35 871 7 7 7 9 220 41 261 81 9 2687 238 11 3 5 48 3 
192 10 0 0 34 16 1 24 1097 173 158 9 7 1752 998 77 14 36 60 0 
91 9 1 11 4 4 3 20 427 148 80 6 0 2990 753 23 14 70 0 4 
164 58 1 1 21 0 0 185 179 335 178 3 1 4 3115 12 21 371 0 9 
320 94 5 8 24 39 4 692 94 824 58 26 1 13 13 103 54 2278 0 8 
1785 372 4 240 52 394 1 348 7 519 91 26 2 65 137 399 78 129 9 0 
634 15 0 4 100 147 1 2347 1 960 122 1 3 1 77 68 7 169 1 0 
3206 49 4 32 6 309 0 35 125 107 9 8 22 8 468 172 20 69 7 2 
364 69 11 154 15 266 1 146 250 131 80 24 1 46 2575 186 85 111 141 2 
2338 92 14 39 37 122 2 230 5 779 71 19 8 102 3 158 168 404 47 20 
152 12 6 29 141 34 26 731 29 2522 142 12 3 27 21 161 35 425 70 80 
1319 42 18 71 40 187 36 328 246 624 218 75 21 62 166 213 173 687 5 127 
238 86 141 83 46 121 167 218 352 255 270 675 108 356 515 337 324 305 7 54 
370 53 239 317 162 344 106 303 231 524 137 188 171 178 269 315 258 328 40 125 
325 44 255 304 196 337 90 320 255 533 136 194 164 206 285 287 240 342 37 108 
365 46 212 309 205 353 83 315 247 525 117 183 188 207 255 326 263 307 36 116 
390 45 236 306 173 357 81 321 254 480 109 188 193 206 252 301 245 358 46 117 
386 50 237 292 178 380 100 332 241 522 138 165 185 189 237 273 238 365 41 109 
360 51 219 299 180 347 91 309 245 525 105 197 196 203 279 309 236 355 51 101 
382 57 265 295 163 379 89 309 217 528 121 177 162 195 257 303 240 351 56 112 
347 39 231 292 200 355 94 315 244 542 113 210 157 226 245 293 261 343 29 122 
348 53 252 321 173 348 77 321 233 554 115 178 191 207 279 316 224 317 37 114 
358 47 237 276 187 332 90 339 233 538 123 177 185 212 267 294 257 350 43 113 
341 46 228 288 193 356 108 326 229 558 107 163 195 183 295 302 270 331 35 104 
376 45 254 287 165 353 92 321 243 528 110 148 182 205 250 329 249 353 43 125 
379 50 237 306 181 339 86 322 230 511 117 187 175 241 269 300 252 336 41 99 
369 40 251 306 199 348 86 338 231 503 127 176 188 198 254 307 263 338 39 97 
357 45 248 296 190 347 92 320 243 540 116 185 175 208 254 324 251 321 42 104 
366 42 234 286 153 351 103 301 250 572 112 180 201 207 284 290 253 332 40 101 
382 32 217 269 187 359 88 331 252 534 125 178 195 214 278 298 266 294 39 120 
366 41 239 284 169 360 93 319 255 545 110 182 177 198 289 318 220 359 34 100 
328 46 224 303 187 386 85 309 251 531 116 150 186 217 283 294 235 371 40 116 
