MEME version 4

ALPHABET= ACDEFGHIKLMNPQRSTVWY

Background letter frequencies
A 0.0826 C 0.0138 D 0.0546 E 0.0673 F 0.0387 G 0.0708 H 0.0228 I 0.0592 K 0.0582 L 0.0966 
M 0.0242 N 0.0406 P 0.0473 Q 0.0393 R 0.0554 S 0.0663 T 0.0536 V 0.0687 W 0.011 
Y 0.0292 

MOTIF MEME-1
letter-probability matrix: alength= 20 w= 50 nsites= 908 E= 0.000
0.075991 0.000000 0.062775 0.200441 0.000000 0.003304 0.000000 0.011013 0.409692 0.013216 0.000000 0.015419 0.000000 0.037445 0.056167 0.045154 0.058370 0.011013 0.000000 0.000000 
0.000000 0.000000 0.000000 0.000000 0.029736 0.000000 0.000000 0.370044 0.053965 0.042952 0.001101 0.001101 0.000000 0.000000 0.415198 0.000000 0.000000 0.003304 0.000000 0.078194 
0.002203 0.000000 0.000000 0.000000 0.026432 0.000000 0.000000 0.133260 0.000000 0.808370 0.000000 0.000000 0.001101 0.000000 0.000000 0.000000 0.001101 0.022026 0.000000 0.000000 
0.268722 0.002203 0.003304 0.094714 0.000000 0.004405 0.001101 0.000000 0.316079 0.003304 0.000000 0.003304 0.000000 0.118943 0.094714 0.060573 0.020925 0.001101 0.000000 0.001101 
0.004405 0.000000 0.056167 0.346916 0.000000 0.000000 0.002203 0.009912 0.272026 0.001101 0.015419 0.006608 0.000000 0.061674 0.189427 0.002203 0.023128 0.001101 0.000000 0.002203 
0.121145 0.000000 0.000000 0.000000 0.001101 0.870044 0.000000 0.000000 0.000000 0.000000 0.000000 0.000000 0.001101 0.000000 0.000000 0.001101 0.000000 0.000000 0.000000 0.000000 
0.004405 0.000000 0.000000 0.000000 0.001101 0.000000 0.000000 0.926211 0.000000 0.013216 0.001101 0.000000 0.000000 0.000000 0.001101 0.002203 0.000000 0.045154 0.000000 0.000000 
0.041850 0.000000 0.171806 0.465859 0.000000 0.006608 0.002203 0.006608 0.132159 0.004405 0.003304 0.028634 0.000000 0.051762 0.029736 0.034141 0.012115 0.003304 0.000000 0.000000 
0.019824 0.000000 0.011013 0.179515 0.003304 0.002203 0.003304 0.002203 0.386564 0.068282 0.070485 0.085903 0.000000 0.049559 0.058370 0.027533 0.024229 0.002203 0.000000 0.000000 
0.007709 0.000000 0.011013 0.006608 0.001101 0.632159 0.011013 0.000000 0.204846 0.001101 0.001101 0.079295 0.000000 0.006608 0.018722 0.013216 0.000000 0.000000 0.000000 0.000000 
0.245595 0.022026 0.000000 0.000000 0.000000 0.000000 0.000000 0.343612 0.000000 0.026432 0.017621 0.000000 0.001101 0.001101 0.009912 0.066079 0.041850 0.216960 0.000000 0.002203 
0.698238 0.084802 0.001101 0.000000 0.000000 0.135463 0.000000 0.005507 0.000000 0.000000 0.003304 0.000000 0.000000 0.000000 0.000000 0.030837 0.030837 0.004405 0.000000 0.000000 
0.000000 0.000000 0.007709 0.000000 0.000000 0.000000 0.000000 0.000000 0.011013 0.000000 0.000000 0.973568 0.000000 0.000000 0.001101 0.000000 0.001101 0.000000 0.000000 0.000000 
0.264317 0.041850 0.000000 0.000000 0.000000 0.015419 0.000000 0.000000 0.000000 0.000000 0.000000 0.001101 0.000000 0.000000 0.000000 0.666300 0.005507 0.000000 0.000000 0.000000 
0.000000 0.000000 0.000000 0.000000 0.000000 0.000000 0.000000 0.708150 0.000000 0.190529 0.008811 0.000000 0.000000 0.000000 0.000000 0.007709 0.005507 0.073789 0.000000 0.000000 
0.000000 0.000000 0.000000 0.000000 0.000000 0.000000 0.000000 0.012115 0.000000 0.980176 0.000000 0.000000 0.001101 0.000000 0.000000 0.000000 0.000000 0.001101 0.000000 0.000000 
0.000000 0.000000 0.000000 0.000000 0.000000 0.000000 0.000000 0.680617 0.000000 0.114537 0.000000 0.000000 0.000000 0.000000 0.000000 0.000000 0.000000 0.199339 0.000000 0.000000 
0.000000 0.000000 0.000000 0.000000 0.000000 0.000000 0.000000 0.000000 0.993392 0.000000 0.000000 0.000000 0.000000 0.001101 0.000000 0.000000 0.000000 0.000000 0.000000 0.000000 
0.002203 0.001101 0.000000 0.000000 0.160793 0.000000 0.000000 0.063877 0.000000 0.182819 0.003304 0.000000 0.080396 0.000000 0.000000 0.000000 0.000000 0.492291 0.000000 0.007709 
0.000000 0.000000 0.000000 0.000000 0.000000 0.000000 0.000000 0.000000 0.000000 0.000000 0.000000 0.994493 0.000000 0.000000 0.000000 0.000000 0.000000 0.000000 0.000000 0.000000 
0.000000 0.000000 0.000000 0.000000 0.000000 0.000000 0.000000 0.000000 0.000000 0.000000 0.000000 0.000000 0.000000 0.993392 0.001101 0.000000 0.000000 0.000000 0.000000 0.000000 
0.000000 0.000000 0.000000 0.000000 0.000000 0.000000 0.000000 0.982379 0.000000 0.000000 0.000000 0.001101 0.000000 0.000000 0.000000 0.000000 0.000000 0.011013 0.000000 0.000000 
0.001101 0.000000 0.000000 0.000000 0.000000 0.993392 0.000000 0.000000 0.000000 0.000000 0.000000 0.000000 0.000000 0.000000 0.000000 0.000000 0.000000 0.000000 0.000000 0.000000 
0.000000 0.000000 0.000000 0.000000 0.000000 0.000000 0.000000 0.000000 0.000000 0.000000 0.000000 0.000000 0.000000 0.000000 0.000000 0.348018 0.646476 0.000000 0.000000 0.000000 
0.000000 0.000000 0.000000 0.000000 0.000000 0.000000 0.000000 0.052863 0.000000 0.819383 0.001101 0.000000 0.000000 0.000000 0.000000 0.000000 0.000000 0.121145 0.000000 0.000000 
0.000000 0.000000 0.000000 0.000000 0.000000 0.000000 0.000000 0.000000 0.000000 0.000000 0.000000 0.000000 0.000000 0.000000 0.000000 0.175110 0.818282 0.000000 0.001101 0.000000 
0.001101 0.000000 0.013216 0.965859 0.000000 0.001101 0.000000 0.000000 0.001101 0.000000 0.000000 0.000000 0.000000 0.012115 0.000000 0.000000 0.000000 0.000000 0.000000 0.000000 
0.042952 0.000000 0.000000 0.000000 0.000000 0.000000 0.000000 0.000000 0.000000 0.000000 0.001101 0.000000 0.000000 0.000000 0.000000 0.089207 0.861233 0.000000 0.000000 0.000000 
0.008811 0.000000 0.000000 0.000000 0.232379 0.000000 0.001101 0.118943 0.002203 0.564978 0.029736 0.000000 0.000000 0.001101 0.006608 0.003304 0.000000 0.020925 0.000000 0.004405 
0.236784 0.000000 0.267621 0.290749 0.000000 0.000000 0.000000 0.000000 0.022026 0.001101 0.004405 0.047357 0.000000 0.095815 0.012115 0.012115 0.002203 0.000000 0.000000 0.002203 
0.851322 0.002203 0.000000 0.000000 0.008811 0.000000 0.000000 0.000000 0.000000 0.000000 0.000000 0.000000 0.000000 0.000000 0.000000 0.016520 0.102423 0.011013 0.000000 0.002203 
0.055066 0.044053 0.000000 0.000000 0.001101 0.001101 0.002203 0.642070 0.000000 0.000000 0.012115 0.000000 0.000000 0.000000 0.000000 0.000000 0.007709 0.229075 0.000000 0.000000 
0.038546 0.000000 0.082599 0.383260 0.001101 0.006608 0.008811 0.000000 0.215859 0.012115 0.001101 0.048458 0.000000 0.042952 0.096916 0.023128 0.016520 0.000000 0.000000 0.016520 
0.002203 0.000000 0.026432 0.000000 0.006608 0.000000 0.000000 0.016520 0.002203 0.310573 0.572687 0.000000 0.000000 0.004405 0.000000 0.002203 0.044053 0.005507 0.000000 0.001101 
0.929515 0.002203 0.000000 0.000000 0.000000 0.004405 0.000000 0.000000 0.000000 0.000000 0.000000 0.000000 0.000000 0.000000 0.000000 0.050661 0.007709 0.000000 0.000000 0.000000 
0.005507 0.000000 0.005507 0.011013 0.028634 0.013216 0.153084 0.000000 0.470264 0.003304 0.001101 0.018722 0.000000 0.161894 0.044053 0.008811 0.035242 0.003304 0.000000 0.030837 
0.066079 0.004405 0.144273 0.105727 0.001101 0.007709 0.022026 0.006608 0.169604 0.004405 0.006608 0.027533 0.000000 0.026432 0.345815 0.042952 0.009912 0.003304 0.000000 0.000000 
0.642070 0.002203 0.009912 0.000000 0.001101 0.012115 0.037445 0.001101 0.002203 0.000000 0.001101 0.202643 0.000000 0.009912 0.002203 0.061674 0.000000 0.001101 0.000000 0.007709 
0.025330 0.000000 0.000000 0.000000 0.000000 0.795154 0.005507 0.000000 0.017621 0.000000 0.001101 0.071586 0.000000 0.007709 0.035242 0.033040 0.002203 0.000000 0.000000 0.000000 
0.000000 0.000000 0.000000 0.000000 0.049559 0.000000 0.000000 0.014317 0.000000 0.002203 0.024229 0.000000 0.000000 0.000000 0.000000 0.000000 0.000000 0.001101 0.121145 0.781938 
0.040749 0.000000 0.003304 0.005507 0.000000 0.126652 0.001101 0.000000 0.046256 0.001101 0.000000 0.024229 0.000000 0.009912 0.073789 0.020925 0.637665 0.003304 0.000000 0.000000 
0.512115 0.061674 0.000000 0.000000 0.001101 0.000000 0.001101 0.001101 0.000000 0.012115 0.000000 0.022026 0.005507 0.002203 0.000000 0.102423 0.133260 0.138767 0.000000 0.001101 
0.000000 0.000000 0.000000 0.000000 0.003304 0.000000 0.000000 0.137665 0.000000 0.002203 0.169604 0.000000 0.000000 0.002203 0.000000 0.000000 0.000000 0.679515 0.000000 0.000000 
0.007709 0.000000 0.000000 0.000000 0.000000 0.000000 0.000000 0.429515 0.000000 0.017621 0.167401 0.000000 0.000000 0.000000 0.000000 0.002203 0.025330 0.344714 0.000000 0.000000 
0.000000 0.000000 0.000000 0.000000 0.000000 0.000000 0.001101 0.000000 0.000000 0.000000 0.000000 0.000000 0.000000 0.000000 0.000000 0.993392 0.000000 0.000000 0.000000 0.000000 
0.001101 0.000000 0.000000 0.000000 0.000000 0.000000 0.992291 0.000000 0.000000 0.000000 0.000000 0.000000 0.000000 0.000000 0.001101 0.000000 0.000000 0.000000 0.000000 0.000000 
0.000000 0.000000 0.000000 0.000000 0.000000 0.000000 0.000000 0.000000 0.000000 0.000000 0.000000 0.000000 0.000000 0.000000 0.993392 0.001101 0.000000 0.000000 0.000000 0.000000 
0.000000 0.001101 0.000000 0.000000 0.000000 0.001101 0.000000 0.000000 0.000000 0.000000 0.000000 0.000000 0.000000 0.000000 0.000000 0.992291 0.000000 0.000000 0.000000 0.000000 
0.005507 0.000000 0.000000 0.001101 0.000000 0.987885 0.000000 0.000000 0.000000 0.000000 0.000000 0.000000 0.000000 0.000000 0.000000 0.000000 0.000000 0.000000 0.000000 0.000000 
0.000000 0.000000 0.004405 0.988987 0.000000 0.000000 0.000000 0.000000 0.000000 0.000000 0.000000 0.000000 0.000000 0.000000 0.000000 0.000000 0.001101 0.000000 0.000000 0.000000 

