108 10 51 84 25 86 8 67 53 91 26 41 19 26 43 52 40 58 5 22 
100 5 54 71 30 110 10 58 59 79 16 39 24 21 43 51 54 49 10 32 
114 1 51 71 18 96 18 76 50 89 16 38 25 24 47 48 39 64 5 25 
104 2 57 78 28 88 8 63 50 85 26 44 27 29 35 61 40 60 7 23 
88 8 54 67 37 89 17 68 52 78 27 38 29 24 41 51 46 61 9 31 
98 8 51 71 39 86 12 61 53 92 22 47 27 12 34 49 59 59 3 32 
101 5 57 62 17 80 14 68 61 89 22 41 31 23 45 67 50 50 2 30 
118 8 55 79 23 85 15 62 54 78 22 43 36 24 32 60 30 56 3 32 
101 8 56 75 28 107 18 64 57 73 18 43 19 19 36 45 50 61 5 32 
100 4 52 76 22 79 12 65 68 73 21 51 30 35 37 47 44 62 3 34 
97 6 76 71 37 81 13 76 51 77 14 29 29 16 48 41 57 61 5 30 
85 4 61 61 25 97 11 66 62 100 25 26 27 21 29 63 41 78 3 30 
106 5 67 59 22 104 7 57 54 86 16 41 32 16 34 52 47 73 4 33 
120 6 47 76 26 96 11 66 53 76 27 45 25 22 28 62 43 59 4 23 
98 3 64 75 20 104 11 73 46 80 20 38 29 22 32 63 43 62 5 27 
13 0 0 0 0 0 0 12 0 886 0 0 1 0 0 0 0 3 0 0 
0 0 0 0 0 0 0 617 15 104 0 0 0 0 0 0 0 179 0 0 
0 0 0 0 0 0 0 0 898 13 0 0 1 1 0 0 0 1 0 1 
1 1 0 0 146 0 0 57 1 166 3 15 72 0 0 0 0 446 0 7 
0 0 1 0 0 0 0 0 0 0 0 898 0 15 0 0 0 1 0 0 
0 0 0 0 0 0 0 14 0 1 0 1 0 899 0 0 0 0 0 0 
0 0 0 0 0 1 0 888 0 14 0 1 0 1 0 0 0 10 0 0 
1 0 0 0 0 898 0 1 0 0 0 0 0 0 14 0 1 0 0 0 
0 0 0 0 0 1 0 14 0 1 0 0 0 0 0 314 585 0 0 0 
0 0 0 14 0 0 0 48 0 741 1 0 0 0 0 2 0 109 0 0 
0 0 0 15 0 0 0 0 0 2 0 0 0 0 0 157 741 0 0 0 
2 0 12 885 0 1 0 0 1 0 0 0 0 11 1 1 1 0 0 0 
40 0 0 1 1 0 0 0 0 14 0 0 0 0 0 80 779 0 0 0 
9 0 0 1 210 13 2 107 2 512 27 0 0 1 5 2 1 19 0 4 
216 0 248 264 0 0 0 0 20 2 4 44 0 87 11 14 2 0 0 3 
104 6 60 75 27 105 9 63 57 86 20 45 21 27 33 50 35 63 2 27 
104 5 61 65 28 104 13 73 55 72 22 45 32 27 30 49 39 60 3 28 
116 2 65 71 26 102 11 47 54 69 18 51 24 23 34 52 44 63 11 32 
87 2 53 57 37 87 12 67 63 87 29 37 33 24 46 50 51 54 5 34 
94 5 51 76 23 96 11 70 63 81 22 41 22 20 38 39 53 68 3 39 
118 4 46 67 24 93 22 65 59 76 21 39 24 20 34 54 63 56 4 26 
100 7 71 71 28 67 8 60 58 90 24 48 26 30 39 58 42 57 4 27 
91 3 62 66 29 96 12 65 57 85 23 50 38 22 33 42 40 71 4 26 
100 4 50 86 26 88 19 56 53 80 21 40 26 29 41 44 43 69 5 35 
96 4 48 68 29 96 15 56 57 90 28 42 19 21 36 60 51 64 4 31 
106 4 57 65 21 89 16 56 56 78 17 53 28 38 46 60 48 54 5 18 
104 5 52 65 33 98 8 52 58 94 26 35 23 31 38 61 50 54 6 22 
94 3 67 76 23 93 14 66 39 86 25 42 25 22 41 44 52 69 7 27 
118 3 47 74 27 90 10 54 63 84 12 44 32 25 47 48 47 61 3 26 
119 3 62 63 28 89 8 68 55 70 23 37 28 30 36 53 36 67 4 36 
96 9 59 81 24 81 11 80 55 77 17 56 22 26 30 57 43 53 11 27 
110 7 53 73 28 97 11 69 59 76 17 44 29 26 36 58 39 43 7 33 
109 2 60 84 26 93 17 56 74 79 18 40 25 17 41 52 41 62 3 16 
105 2 51 66 28 96 15 58 56 86 24 54 30 22 42 56 29 63 4 28 
111 5 63 67 24 96 14 62 61 89 21 37 17 25 23 54 36 62 7 41 
