MEME version 4

ALPHABET= ACDEFGHIKLMNPQRSTVWY

Background letter frequencies
A 0.0826 C 0.0138 D 0.0546 E 0.0673 F 0.0387 G 0.0708 H 0.0228 I 0.0592 K 0.0582 L 0.0966 
M 0.0242 N 0.0406 P 0.0473 Q 0.0393 R 0.0554 S 0.0663 T 0.0536 V 0.0687 W 0.011 
Y 0.0292 

MOTIF MEME-1
letter-probability matrix: alength= 20 w= 50 nsites= 1256 E= 0.000
0.203025 0.136943 0.015924 0.000796 0.487261 0.004777 0.000000 0.000796 0.037420 0.007166 0.000000 0.000000 0.000000 0.000000 0.092357 0.011146 0.002389 0.000000 0.000000 0.000000 
0.000796 0.000000 0.000000 0.000000 0.000000 0.000796 0.003185 0.000000 0.002389 0.000796 0.000000 0.177548 0.000000 0.001592 0.253981 0.175955 0.000796 0.000000 0.027070 0.355096 
0.000000 0.000000 0.128185 0.000796 0.482484 0.000796 0.000000 0.006369 0.000000 0.018312 0.156847 0.000000 0.181529 0.001592 0.000000 0.000000 0.006369 0.010350 0.000000 0.006369 
0.003185 0.000000 0.001592 0.000796 0.000000 0.180732 0.000000 0.274682 0.000000 0.030255 0.182325 0.179140 0.000000 0.000000 0.129777 0.010350 0.001592 0.004777 0.000000 0.000796 
0.003185 0.000000 0.000000 0.000000 0.145701 0.000000 0.000000 0.121019 0.000000 0.170382 0.001592 0.190287 0.000796 0.000796 0.183121 0.000796 0.000000 0.000000 0.181529 0.000796 
0.003185 0.000000 0.003185 0.329618 0.137739 0.000000 0.000000 0.004777 0.000000 0.002389 0.000000 0.000000 0.000000 0.031847 0.000000 0.178344 0.006369 0.302548 0.000000 0.000000 
0.179936 0.000000 0.000000 0.000000 0.408439 0.010350 0.000000 0.000796 0.000000 0.028662 0.000000 0.000000 0.000000 0.000000 0.177548 0.009554 0.000000 0.001592 0.182325 0.000796 
0.185510 0.000000 0.000000 0.183121 0.000000 0.000000 0.000796 0.014331 0.000000 0.010350 0.000000 0.000000 0.000000 0.312898 0.000000 0.164809 0.001592 0.116242 0.000000 0.010350 
0.183917 0.000000 0.000796 0.000000 0.008758 0.263535 0.000000 0.000796 0.000000 0.349522 0.000000 0.001592 0.001592 0.003185 0.003981 0.167197 0.011943 0.001592 0.000000 0.001592 
0.002389 0.000000 0.002389 0.179936 0.133758 0.000000 0.180732 0.006369 0.000000 0.065287 0.004777 0.000796 0.000000 0.000000 0.000000 0.179936 0.000000 0.101911 0.128981 0.012739 
0.002389 0.000000 0.177548 0.001592 0.285032 0.009554 0.311306 0.000000 0.000000 0.006369 0.000000 0.001592 0.000000 0.000000 0.000000 0.128981 0.000000 0.000000 0.000000 0.075637 
0.000000 0.000000 0.000000 0.181529 0.175159 0.129777 0.002389 0.000796 0.001592 0.002389 0.000000 0.323248 0.000000 0.000796 0.182325 0.000000 0.000000 0.000000 0.000000 0.000000 
0.000000 0.000000 0.000000 0.000000 0.011146 0.000000 0.000000 0.192675 0.000000 0.484076 0.000796 0.000000 0.000000 0.000000 0.000000 0.000000 0.000000 0.001592 0.309713 0.000000 
0.153662 0.000000 0.000000 0.002389 0.004777 0.203822 0.007962 0.000000 0.000796 0.492834 0.000000 0.000000 0.000000 0.000000 0.000000 0.000000 0.131369 0.000000 0.000000 0.002389 
0.158439 0.000000 0.000000 0.000000 0.000000 0.000000 0.000000 0.003185 0.000000 0.269108 0.358280 0.002389 0.000000 0.000000 0.000000 0.001592 0.000000 0.008758 0.000000 0.198248 
0.000000 0.000000 0.000000 0.000000 0.128981 0.000000 0.179936 0.000000 0.000796 0.007166 0.000000 0.326433 0.000000 0.000000 0.183121 0.001592 0.000000 0.000000 0.171178 0.000796 
0.000000 0.000000 0.000000 0.000000 0.000000 0.181529 0.000000 0.000000 0.000000 0.000000 0.000000 0.000000 0.816879 0.000000 0.000796 0.000000 0.000000 0.000796 0.000000 0.000000 
0.007166 0.113057 0.000000 0.000000 0.313694 0.183121 0.000000 0.000000 0.000000 0.003981 0.002389 0.000000 0.000000 0.000000 0.000000 0.000000 0.016720 0.177548 0.182325 0.000000 
0.128981 0.000796 0.000000 0.000000 0.000000 0.000000 0.326433 0.218153 0.000000 0.000796 0.000796 0.000000 0.172771 0.000000 0.000000 0.005573 0.008758 0.136943 0.000000 0.000000 
0.113854 0.060510 0.000000 0.000000 0.023885 0.167197 0.000000 0.006369 0.000000 0.000000 0.301752 0.000000 0.003185 0.013535 0.000796 0.007166 0.000000 0.000796 0.001592 0.299363 
0.013535 0.000000 0.000000 0.096338 0.092357 0.000000 0.000000 0.179936 0.000000 0.209395 0.137739 0.000000 0.000000 0.085191 0.000000 0.000796 0.000000 0.184713 0.000000 0.000000 
0.312102 0.000796 0.000000 0.000000 0.007166 0.314490 0.000000 0.000796 0.000000 0.169586 0.004777 0.000000 0.000000 0.000000 0.000000 0.012739 0.000000 0.000000 0.177548 0.000000 
0.001592 0.000796 0.000000 0.000000 0.187898 0.000000 0.000000 0.156847 0.000000 0.113057 0.000000 0.000000 0.000000 0.000000 0.000000 0.000000 0.000000 0.389331 0.000000 0.150478 
0.319268 0.001592 0.000000 0.000000 0.000000 0.128981 0.000000 0.025478 0.000000 0.000796 0.000000 0.000000 0.000000 0.000000 0.000000 0.179140 0.186306 0.158439 0.000000 0.000000 
0.341561 0.010350 0.001592 0.000000 0.061306 0.433917 0.000000 0.000000 0.000000 0.122611 0.001592 0.000000 0.000000 0.000000 0.000000 0.027070 0.000000 0.000000 0.000000 0.000000 
0.000000 0.000000 0.000000 0.000000 0.010350 0.000000 0.181529 0.029459 0.000000 0.156847 0.035032 0.000000 0.182325 0.000796 0.000000 0.000796 0.000000 0.276274 0.126592 0.000000 
0.003185 0.000000 0.000000 0.000000 0.464172 0.172771 0.000000 0.001592 0.000000 0.183917 0.001592 0.000000 0.000000 0.000000 0.000000 0.003981 0.000000 0.161624 0.000000 0.007166 
0.157643 0.000000 0.000000 0.000000 0.012739 0.317675 0.000000 0.139331 0.000000 0.167994 0.000796 0.000000 0.000000 0.000000 0.000000 0.019108 0.137739 0.046975 0.000000 0.000000 
0.279459 0.008758 0.000000 0.000000 0.001592 0.344745 0.000000 0.054936 0.000000 0.121019 0.001592 0.003981 0.000000 0.000000 0.000000 0.174363 0.009554 0.000000 0.000000 0.000000 
0.336783 0.004777 0.000000 0.000000 0.000000 0.178344 0.000000 0.004777 0.000000 0.000000 0.000000 0.000796 0.000000 0.000000 0.000796 0.166401 0.303344 0.003981 0.000000 0.000000 
0.016720 0.003981 0.000000 0.000000 0.017516 0.000000 0.000000 0.045382 0.000000 0.322452 0.181529 0.000000 0.000000 0.000000 0.000000 0.021497 0.257962 0.130573 0.001592 0.000796 
0.468949 0.019904 0.000000 0.000000 0.328025 0.003981 0.000000 0.003185 0.000000 0.140924 0.000000 0.000000 0.000000 0.000000 0.000796 0.022293 0.000000 0.000796 0.003185 0.007962 
0.034236 0.267516 0.000000 0.000000 0.183121 0.003981 0.000000 0.000000 0.000000 0.011146 0.000000 0.000000 0.000000 0.000000 0.000796 0.186306 0.003185 0.309713 0.000000 0.000000 
0.321656 0.000796 0.000000 0.000000 0.172771 0.002389 0.000000 0.000000 0.000000 0.010350 0.000000 0.178344 0.000000 0.000000 0.000000 0.005573 0.126592 0.000000 0.009554 0.171975 
0.000000 0.000796 0.000000 0.000000 0.000000 0.000000 0.000000 0.147293 0.000000 0.371815 0.344745 0.000000 0.000000 0.001592 0.000000 0.128981 0.000000 0.004777 0.000000 0.000000 
0.000000 0.000000 0.001592 0.000000 0.000796 0.180732 0.328025 0.141720 0.000000 0.000000 0.000000 0.178344 0.000000 0.000000 0.000000 0.000000 0.000000 0.039809 0.128981 0.000000 
0.000000 0.000000 0.000000 0.000000 0.000000 0.506369 0.000000 0.000000 0.000000 0.000000 0.000000 0.000000 0.000000 0.000000 0.182325 0.000000 0.000000 0.000000 0.000000 0.311306 
0.134554 0.000000 0.000000 0.151274 0.169586 0.003185 0.000000 0.000000 0.000000 0.009554 0.000000 0.000000 0.180732 0.030255 0.000000 0.190287 0.128185 0.002389 0.000000 0.000000 
0.000000 0.000000 0.000000 0.000000 0.018312 0.000000 0.128981 0.157643 0.000000 0.194268 0.001592 0.178344 0.000000 0.000000 0.000000 0.000000 0.135350 0.003185 0.181529 0.000796 
0.000000 0.000000 0.000000 0.182325 0.178344 0.311306 0.000000 0.011146 0.000000 0.000000 0.000000 0.000000 0.000000 0.000000 0.000000 0.000000 0.000000 0.316879 0.000000 0.000000 
0.000796 0.000000 0.000000 0.124204 0.008758 0.000000 0.000000 0.011146 0.000000 0.306529 0.000000 0.177548 0.000000 0.187898 0.000000 0.002389 0.177548 0.000796 0.000796 0.001592 
0.140924 0.000000 0.000000 0.000000 0.000000 0.182325 0.006369 0.000000 0.000000 0.000000 0.000000 0.130573 0.000000 0.167994 0.000000 0.371815 0.000000 0.000000 0.000000 0.000000 
0.007962 0.000000 0.000000 0.000000 0.106688 0.000796 0.000000 0.000000 0.000000 0.000796 0.000000 0.000796 0.000000 0.000000 0.000000 0.662420 0.136146 0.008758 0.000000 0.075637 
0.004777 0.000796 0.000000 0.000000 0.181529 0.000000 0.000000 0.045382 0.000000 0.311306 0.000000 0.000000 0.000000 0.000000 0.182325 0.133758 0.002389 0.136943 0.000000 0.000796 
0.000796 0.000796 0.000000 0.000000 0.127389 0.000000 0.000796 0.155255 0.000000 0.220541 0.000796 0.009554 0.000000 0.000796 0.005573 0.181529 0.000796 0.164809 0.000000 0.130573 
0.006369 0.000000 0.356688 0.126592 0.003981 0.181529 0.000000 0.000000 0.003185 0.130573 0.000000 0.000000 0.009554 0.004777 0.172771 0.002389 0.000000 0.000000 0.000000 0.001592 
0.023089 0.000000 0.129777 0.311306 0.000000 0.192675 0.001592 0.000000 0.000000 0.002389 0.179936 0.001592 0.002389 0.001592 0.000796 0.150478 0.001592 0.000796 0.000000 0.000000 
0.002389 0.000000 0.000796 0.001592 0.000000 0.261146 0.000796 0.000000 0.009554 0.006369 0.175955 0.010350 0.000796 0.152070 0.183917 0.013535 0.180732 0.000000 0.000000 0.000000 
0.015127 0.119427 0.110669 0.023089 0.000000 0.190287 0.000000 0.000000 0.000796 0.000000 0.003185 0.000796 0.361465 0.000796 0.000000 0.015924 0.158439 0.000000 0.000000 0.000000 
0.013535 0.000796 0.003981 0.176752 0.000000 0.105892 0.008758 0.000000 0.011943 0.182325 0.001592 0.134554 0.000000 0.012739 0.160828 0.002389 0.000000 0.000000 0.182325 0.001592 

