MEME version 4

ALPHABET= ACDEFGHIKLMNPQRSTVWY

Background letter frequencies (from file `/home/yincp/Desktop/Descriptor_Preprocessor/Reports/19082019/PDOC00325/compos_align.txt'):
A 0.06274 C 0.01332 D 0.08387 E 0.07722 F 0.03759 G 0.06076 H 0.02342 I 0.07500 K 0.08482 L 0.07359 M 0.02300 N 0.04359 P 0.06546 Q 0.02392 R 0.03508 S 0.04437 T 0.03851 V 0.07772 W 0.01328 Y 0.04275 

MOTIF 1 DXDPJDX

letter-probability matrix: alength= 20 w= 7 nsites= 255 E= 0
  0.000000	  0.000000	  1.000000	  0.000000	  0.000000	  0.000000	  0.000000	  0.000000	  0.000000	  0.000000	  0.000000	  0.000000	  0.000000	  0.000000	  0.000000	  0.000000	  0.000000	  0.000000	  0.000000	  0.000000	
  0.000000	  0.000000	  0.192157	  0.000000	  0.000000	  0.513725	  0.000000	  0.000000	  0.000000	  0.000000	  0.000000	  0.215686	  0.000000	  0.000000	  0.000000	  0.078431	  0.000000	  0.000000	  0.000000	  0.000000	
  0.000000	  0.000000	  1.000000	  0.000000	  0.000000	  0.000000	  0.000000	  0.000000	  0.000000	  0.000000	  0.000000	  0.000000	  0.000000	  0.000000	  0.000000	  0.000000	  0.000000	  0.000000	  0.000000	  0.000000	
  0.000000	  0.000000	  0.000000	  0.431373	  0.000000	  0.000000	  0.000000	  0.000000	  0.000000	  0.000000	  0.000000	  0.000000	  0.568627	  0.000000	  0.000000	  0.000000	  0.000000	  0.000000	  0.000000	  0.000000	
  0.000000	  0.000000	  0.000000	  0.000000	  0.062745	  0.000000	  0.000000	  0.200000	  0.000000	  0.396078	  0.086275	  0.000000	  0.000000	  0.000000	  0.000000	  0.000000	  0.000000	  0.254902	  0.000000	  0.000000	
  0.000000	  0.000000	  1.000000	  0.000000	  0.000000	  0.000000	  0.000000	  0.000000	  0.000000	  0.000000	  0.000000	  0.000000	  0.000000	  0.000000	  0.000000	  0.000000	  0.000000	  0.000000	  0.000000	  0.000000	
  0.149020	  0.011765	  0.000000	  0.000000	  0.000000	  0.078431	  0.000000	  0.188235	  0.000000	  0.101961	  0.015686	  0.000000	  0.000000	  0.000000	  0.000000	  0.000000	  0.000000	  0.454902	  0.000000	  0.000000	

