0 0 0 0 38 25 0 16 0 2 2 0 0 1 1 0 0 30 0 14 
23 6 0 3 0 1 0 6 0 61 24 0 1 0 0 1 2 1 0 0 
6 0 0 0 25 7 4 5 1 8 0 0 9 5 1 16 2 0 1 39 
7 0 5 2 0 9 1 1 0 0 0 0 25 1 0 28 48 2 0 0 
22 0 2 0 0 1 0 4 0 6 0 2 31 26 0 28 7 0 0 0 
0 0 0 3 10 0 0 3 0 1 56 0 1 3 0 6 26 16 1 3 
10 0 0 1 32 6 4 0 1 0 0 3 1 2 5 8 6 23 24 3 
0 0 1 30 0 0 0 1 4 1 0 1 0 0 0 0 0 0 0 91 
0 1 23 1 0 0 0 0 1 0 0 2 94 0 0 1 0 0 0 6 
18 24 0 1 6 7 13 0 0 4 0 0 25 3 0 9 9 5 0 5 
0 0 22 6 0 13 4 0 2 0 0 81 0 1 0 0 0 0 0 0 
1 0 0 5 1 0 10 0 1 2 0 0 0 8 0 1 0 7 0 93 
1 0 0 0 0 94 0 3 1 0 0 6 0 6 2 4 4 8 0 0 
0 0 11 1 62 0 13 5 2 2 0 0 1 0 0 7 0 1 0 24 
3 1 0 2 3 0 0 62 7 5 0 5 15 0 1 1 0 24 0 0 
3 0 5 20 0 0 6 0 4 1 0 17 58 2 6 4 2 1 0 0 
0 0 11 12 0 3 23 0 2 2 0 25 0 9 16 1 24 1 0 0 
4 0 1 1 0 11 0 0 13 1 0 8 0 0 0 1 89 0 0 0 
16 9 0 1 1 0 0 8 1 85 1 0 0 0 1 0 0 0 4 2 
18 19 8 5 2 11 0 0 17 0 0 0 0 1 2 31 1 4 0 10 
0 0 23 30 0 38 0 0 1 20 0 6 0 0 1 4 0 0 4 2 
0 0 129 0 0 0 0 0 0 0 0 0 0 0 0 0 0 0 0 0 
0 0 4 0 0 89 0 0 0 0 0 32 0 0 0 4 0 0 0 0 
0 0 129 0 0 0 0 0 0 0 0 0 0 0 0 0 0 0 0 0 
0 0 0 9 0 0 0 0 0 0 0 0 120 0 0 0 0 0 0 0 
0 0 0 0 5 0 0 20 0 61 10 0 0 0 0 0 0 33 0 0 
0 0 129 0 0 0 0 0 0 0 0 0 0 0 0 0 0 0 0 0 
14 3 0 0 0 5 0 17 0 0 0 0 0 0 0 0 0 90 0 0 
0 23 0 1 2 0 0 3 0 85 13 0 0 0 0 0 0 2 0 0 
0 0 1 27 0 0 0 4 0 3 0 0 0 0 0 0 0 94 0 0 
0 6 0 1 5 0 1 54 0 29 1 0 16 0 0 0 0 15 0 1 
8 1 0 0 0 30 0 2 1 10 22 7 0 0 0 12 34 2 0 0 
1 0 11 25 0 1 6 0 0 0 0 3 30 13 11 15 9 1 2 1 
3 0 3 29 2 1 5 1 16 4 0 3 1 15 8 1 6 4 0 27 
6 1 0 0 0 0 0 6 1 1 0 6 78 6 2 7 0 15 0 0 
7 5 0 0 7 9 0 11 1 36 0 0 2 0 1 0 16 33 0 1 
13 0 0 2 21 1 0 7 5 14 4 1 0 14 0 3 9 18 0 17 
3 1 0 0 1 1 3 3 0 0 1 0 82 5 9 3 13 4 0 0 
2 0 0 0 0 117 0 0 0 5 1 2 0 1 0 1 0 0 0 0 
7 28 3 9 0 1 0 3 0 0 0 6 1 12 0 34 8 17 0 0 
2 0 0 0 15 1 0 25 3 6 0 0 0 0 0 1 0 75 0 1 
0 0 0 0 0 0 0 62 14 25 4 0 0 1 0 0 1 20 0 2 
5 0 5 16 0 3 3 1 16 6 0 8 7 15 41 1 1 1 0 0 
40 32 0 0 0 0 0 1 1 0 0 0 0 6 1 4 5 39 0 0 
6 0 0 0 0 0 2 0 37 0 0 1 1 0 79 0 0 3 0 0 
19 0 0 0 0 0 0 10 0 4 0 0 59 0 6 0 1 30 0 0 
0 0 0 0 0 2 0 49 0 29 0 0 6 0 0 0 1 42 0 0 
5 0 0 0 0 115 0 6 1 0 1 0 0 0 0 0 0 1 0 0 
9 0 0 0 2 6 0 15 1 19 16 0 0 0 0 2 3 54 0 2 
2 1 0 0 12 6 0 3 0 68 36 0 0 1 0 0 0 0 0 0 
