MEME version 4

ALPHABET= ACDEFGHIKLMNPQRSTVWY

Background letter frequencies
A 0.0826 C 0.0138 D 0.0546 E 0.0673 F 0.0387 G 0.0708 H 0.0228 I 0.0592 K 0.0582 L 0.0966 
M 0.0242 N 0.0406 P 0.0473 Q 0.0393 R 0.0554 S 0.0663 T 0.0536 V 0.0687 W 0.011 
Y 0.0292 

MOTIF MEME-1
letter-probability matrix: alength= 20 w= 50 nsites= 605 E= 0.000
0.186777 0.000000 0.056198 0.247934 0.003306 0.011570 0.047934 0.008264 0.034711 0.014876 0.008264 0.016529 0.000000 0.056198 0.064463 0.047934 0.014876 0.173554 0.003306 0.003306 
0.014876 0.001653 0.018182 0.269421 0.013223 0.014876 0.014876 0.006612 0.100826 0.049587 0.006612 0.115702 0.003306 0.112397 0.064463 0.047934 0.135537 0.006612 0.000000 0.003306 
0.003306 0.003306 0.003306 0.046281 0.021488 0.003306 0.000000 0.039669 0.190083 0.119008 0.004959 0.014876 0.000000 0.004959 0.016529 0.009917 0.047934 0.469421 0.000000 0.001653 
0.000000 0.000000 0.000000 0.014876 0.000000 0.000000 0.001653 0.776860 0.018182 0.019835 0.008264 0.001653 0.000000 0.001653 0.000000 0.000000 0.000000 0.155372 0.001653 0.000000 
0.064463 0.000000 0.003306 0.084298 0.006612 0.000000 0.001653 0.107438 0.264463 0.163636 0.033058 0.011570 0.000000 0.052893 0.148760 0.013223 0.000000 0.029752 0.011570 0.003306 
0.009917 0.000000 0.003306 0.033058 0.000000 0.003306 0.000000 0.011570 0.008264 0.014876 0.001653 0.001653 0.894215 0.003306 0.004959 0.004959 0.001653 0.003306 0.000000 0.000000 
0.781818 0.004959 0.004959 0.016529 0.003306 0.013223 0.014876 0.001653 0.036364 0.016529 0.008264 0.009917 0.000000 0.023140 0.001653 0.031405 0.014876 0.003306 0.000000 0.013223 
0.000000 0.003306 0.006612 0.003306 0.003306 0.001653 0.000000 0.042975 0.004959 0.900826 0.000000 0.003306 0.011570 0.001653 0.000000 0.001653 0.006612 0.008264 0.000000 0.000000 
0.368595 0.000000 0.033058 0.221488 0.001653 0.009917 0.006612 0.000000 0.114050 0.018182 0.011570 0.089256 0.000000 0.049587 0.023140 0.042975 0.004959 0.003306 0.001653 0.000000 
0.142149 0.001653 0.054545 0.173554 0.000000 0.003306 0.000000 0.001653 0.087603 0.019835 0.000000 0.090909 0.000000 0.130579 0.223140 0.052893 0.006612 0.009917 0.000000 0.000000 
0.003306 0.000000 0.046281 0.009917 0.000000 0.819835 0.001653 0.001653 0.029752 0.000000 0.000000 0.066116 0.004959 0.004959 0.000000 0.004959 0.000000 0.001653 0.000000 0.003306 
0.066116 0.006612 0.114050 0.064463 0.011570 0.008264 0.031405 0.071074 0.312397 0.000000 0.003306 0.023140 0.000000 0.054545 0.042975 0.031405 0.072727 0.029752 0.000000 0.054545 
0.008264 0.000000 0.011570 0.000000 0.003306 0.001653 0.014876 0.201653 0.000000 0.133884 0.009917 0.028099 0.001653 0.000000 0.000000 0.001653 0.069421 0.176860 0.330579 0.004959 
0.001653 0.001653 0.000000 0.000000 0.000000 0.000000 0.000000 0.062810 0.000000 0.029752 0.000000 0.000000 0.000000 0.000000 0.000000 0.000000 0.000000 0.902479 0.000000 0.000000 
0.000000 0.000000 0.000000 0.000000 0.024793 0.000000 0.000000 0.442975 0.000000 0.350413 0.003306 0.000000 0.000000 0.000000 0.000000 0.000000 0.000000 0.176860 0.000000 0.000000 
0.016529 0.350413 0.000000 0.000000 0.000000 0.171901 0.000000 0.016529 0.000000 0.062810 0.038017 0.000000 0.000000 0.008264 0.000000 0.274380 0.013223 0.046281 0.000000 0.000000 
0.000000 0.000000 0.990083 0.008264 0.000000 0.000000 0.000000 0.000000 0.000000 0.000000 0.000000 0.000000 0.000000 0.000000 0.000000 0.000000 0.000000 0.000000 0.000000 0.000000 
0.000000 0.000000 0.000000 0.000000 0.000000 0.000000 0.001653 0.000000 0.000000 0.000000 0.000000 0.000000 0.000000 0.000000 0.996694 0.000000 0.000000 0.000000 0.000000 0.000000 
0.000000 0.004959 0.000000 0.000000 0.517355 0.003306 0.173554 0.000000 0.000000 0.000000 0.000000 0.000000 0.000000 0.000000 0.000000 0.031405 0.001653 0.000000 0.000000 0.266116 
0.066116 0.009917 0.165289 0.008264 0.069421 0.000000 0.016529 0.219835 0.001653 0.057851 0.021488 0.016529 0.000000 0.000000 0.000000 0.052893 0.175207 0.084298 0.000000 0.033058 
0.006612 0.000000 0.591736 0.006612 0.033058 0.023140 0.009917 0.028099 0.000000 0.175207 0.021488 0.000000 0.019835 0.000000 0.003306 0.001653 0.000000 0.009917 0.024793 0.042975 
0.150413 0.000000 0.000000 0.000000 0.000000 0.000000 0.000000 0.000000 0.000000 0.000000 0.000000 0.000000 0.000000 0.000000 0.000000 0.847934 0.000000 0.000000 0.000000 0.000000 
0.000000 0.000000 0.000000 0.000000 0.006612 0.072727 0.000000 0.000000 0.000000 0.000000 0.021488 0.009917 0.000000 0.000000 0.019835 0.446281 0.421488 0.000000 0.000000 0.000000 
0.031405 0.000000 0.000000 0.001653 0.095868 0.000000 0.000000 0.109091 0.000000 0.233058 0.044628 0.000000 0.000000 0.157025 0.047934 0.004959 0.014876 0.165289 0.003306 0.089256 
0.889256 0.024793 0.000000 0.000000 0.000000 0.000000 0.000000 0.004959 0.000000 0.000000 0.001653 0.000000 0.000000 0.000000 0.000000 0.000000 0.000000 0.077686 0.000000 0.000000 
0.000000 0.000000 0.000000 0.000000 0.011570 0.000000 0.001653 0.000000 0.000000 0.000000 0.000000 0.000000 0.000000 0.000000 0.000000 0.000000 0.000000 0.000000 0.000000 0.985124 
0.049587 0.000000 0.000000 0.001653 0.000000 0.000000 0.000000 0.000000 0.000000 0.000000 0.000000 0.000000 0.000000 0.919008 0.000000 0.024793 0.003306 0.000000 0.000000 0.000000 
0.038017 0.016529 0.000000 0.004959 0.001653 0.834711 0.001653 0.000000 0.014876 0.011570 0.006612 0.001653 0.001653 0.018182 0.000000 0.028099 0.001653 0.004959 0.011570 0.000000 
0.185124 0.003306 0.009917 0.006612 0.059504 0.340496 0.006612 0.029752 0.009917 0.031405 0.001653 0.000000 0.003306 0.009917 0.001653 0.034711 0.008264 0.044628 0.003306 0.208264 
0.148760 0.000000 0.019835 0.023140 0.011570 0.624793 0.000000 0.004959 0.033058 0.018182 0.001653 0.011570 0.000000 0.013223 0.018182 0.016529 0.038017 0.013223 0.001653 0.000000 
0.001653 0.004959 0.018182 0.023140 0.003306 0.143802 0.003306 0.003306 0.009917 0.059504 0.003306 0.009917 0.000000 0.006612 0.687603 0.016529 0.000000 0.003306 0.000000 0.000000 
0.041322 0.000000 0.034711 0.059504 0.001653 0.595041 0.004959 0.028099 0.042975 0.057851 0.000000 0.064463 0.000000 0.039669 0.004959 0.003306 0.003306 0.013223 0.003306 0.000000 
0.009917 0.000000 0.047934 0.021488 0.023140 0.013223 0.000000 0.234711 0.001653 0.438017 0.033058 0.029752 0.033058 0.006612 0.006612 0.026446 0.008264 0.059504 0.000000 0.004959 
0.033058 0.001653 0.350413 0.031405 0.004959 0.204959 0.000000 0.028099 0.013223 0.057851 0.031405 0.038017 0.071074 0.004959 0.009917 0.082645 0.014876 0.016529 0.003306 0.000000 
0.056198 0.008264 0.039669 0.082645 0.011570 0.003306 0.004959 0.127273 0.049587 0.138843 0.056198 0.019835 0.057851 0.115702 0.080992 0.039669 0.031405 0.064463 0.004959 0.004959 
0.102479 0.000000 0.195041 0.218182 0.018182 0.023140 0.066116 0.009917 0.031405 0.054545 0.006612 0.016529 0.019835 0.047934 0.011570 0.054545 0.079339 0.009917 0.029752 0.003306 
0.047934 0.006612 0.042975 0.085950 0.047934 0.003306 0.006612 0.062810 0.119008 0.219835 0.095868 0.023140 0.003306 0.018182 0.064463 0.023140 0.033058 0.061157 0.011570 0.021488 
0.019835 0.003306 0.011570 0.014876 0.001653 0.000000 0.000000 0.276033 0.036364 0.292562 0.074380 0.006612 0.013223 0.000000 0.008264 0.003306 0.001653 0.226446 0.000000 0.008264 
0.211570 0.001653 0.051240 0.128926 0.026446 0.009917 0.013223 0.006612 0.084298 0.059504 0.016529 0.061157 0.000000 0.061157 0.105785 0.039669 0.059504 0.003306 0.016529 0.041322 
0.153719 0.008264 0.023140 0.087603 0.011570 0.000000 0.004959 0.038017 0.036364 0.044628 0.009917 0.062810 0.004959 0.114050 0.023140 0.087603 0.166942 0.041322 0.054545 0.024793 
0.006612 0.000000 0.003306 0.024793 0.021488 0.001653 0.004959 0.137190 0.011570 0.601653 0.028099 0.066116 0.006612 0.001653 0.001653 0.026446 0.001653 0.034711 0.013223 0.004959 
0.038017 0.016529 0.019835 0.181818 0.008264 0.003306 0.042975 0.024793 0.042975 0.019835 0.000000 0.332231 0.008264 0.023140 0.142149 0.057851 0.011570 0.019835 0.004959 0.000000 
0.062810 0.004959 0.195041 0.104132 0.042975 0.029752 0.028099 0.001653 0.047934 0.041322 0.008264 0.044628 0.006612 0.128926 0.130579 0.052893 0.026446 0.008264 0.000000 0.033058 
0.143802 0.001653 0.013223 0.023140 0.218182 0.008264 0.013223 0.092562 0.009917 0.114050 0.011570 0.024793 0.018182 0.008264 0.009917 0.009917 0.089256 0.041322 0.109091 0.038017 
0.370248 0.006612 0.003306 0.006612 0.038017 0.009917 0.000000 0.026446 0.006612 0.059504 0.009917 0.014876 0.061157 0.000000 0.004959 0.016529 0.039669 0.323967 0.000000 0.000000 
0.023140 0.016529 0.008264 0.009917 0.023140 0.008264 0.031405 0.130579 0.057851 0.209917 0.024793 0.001653 0.009917 0.102479 0.039669 0.021488 0.226446 0.052893 0.000000 0.000000 
0.034711 0.008264 0.127273 0.069421 0.021488 0.365289 0.001653 0.018182 0.041322 0.011570 0.003306 0.077686 0.112397 0.042975 0.021488 0.029752 0.006612 0.004959 0.000000 0.000000 
0.009917 0.000000 0.299174 0.046281 0.023140 0.378512 0.014876 0.028099 0.019835 0.018182 0.001653 0.041322 0.034711 0.003306 0.013223 0.044628 0.003306 0.013223 0.000000 0.004959 
0.024793 0.047934 0.013223 0.016529 0.224793 0.003306 0.011570 0.042975 0.028099 0.395041 0.023140 0.003306 0.008264 0.009917 0.003306 0.018182 0.031405 0.056198 0.016529 0.021488 
0.021488 0.003306 0.018182 0.066116 0.018182 0.006612 0.001653 0.024793 0.133884 0.082645 0.089256 0.003306 0.069421 0.089256 0.165289 0.026446 0.047934 0.071074 0.019835 0.041322 

