38 2 24 41 9 48 7 30 20 60 7 10 10 18 34 29 22 27 3 10 
30 2 30 55 12 31 8 26 27 47 10 18 18 18 29 26 26 25 2 9 
37 4 26 31 12 29 10 30 27 48 7 22 13 20 34 28 17 29 4 21 
31 2 33 31 21 35 8 34 28 48 10 15 12 17 30 30 23 22 1 18 
36 1 32 38 27 31 9 35 26 53 13 13 15 12 39 22 13 26 1 7 
42 4 27 27 15 32 9 37 20 40 8 15 15 16 32 33 26 38 2 11 
31 3 28 38 15 26 8 43 22 55 10 14 7 20 29 19 36 35 2 8 
36 1 27 43 13 32 4 30 36 50 11 17 8 18 30 22 23 29 3 16 
36 3 26 35 18 26 7 34 29 64 7 14 14 16 38 15 25 25 5 12 
33 3 29 35 13 44 10 31 36 52 7 11 9 17 34 22 23 25 3 12 
39 1 30 30 20 40 6 29 18 54 13 14 20 18 32 16 24 28 5 12 
36 0 31 43 9 32 8 32 27 50 12 15 12 28 31 19 28 21 3 12 
40 3 22 43 13 37 12 29 15 57 8 11 18 18 34 18 18 34 2 17 
39 2 23 32 22 35 6 40 23 41 8 10 15 18 34 22 24 35 4 16 
33 4 27 35 17 40 6 37 21 52 12 17 15 18 27 18 26 28 2 14 
0 164 2 0 0 104 0 2 0 25 23 0 0 0 0 90 10 28 1 0 
0 0 439 5 0 0 0 0 0 0 0 0 0 0 3 0 1 1 0 0 
0 0 0 0 2 0 2 1 0 0 0 0 0 0 444 0 0 0 0 0 
0 3 0 1 194 1 104 2 0 0 0 0 0 0 0 19 0 0 0 125 
34 5 101 1 27 0 10 118 1 28 13 9 0 0 0 16 26 42 0 18 
4 0 227 5 21 14 3 16 0 99 13 0 0 0 2 2 0 4 14 25 
0 0 0 0 0 1 1 0 0 0 0 0 0 0 0 446 1 0 0 0 
0 0 1 0 0 43 0 0 0 0 0 4 0 1 1 221 178 0 0 0 
19 0 0 0 4 0 0 58 0 128 24 0 0 95 26 3 8 71 0 13 
391 15 0 0 1 0 0 0 0 0 0 0 0 0 0 1 0 40 0 1 
0 0 0 0 8 0 0 0 0 0 0 0 0 2 0 0 1 0 0 438 
27 0 1 0 0 1 0 0 0 0 0 1 0 402 0 15 2 0 0 0 
23 2 0 3 1 368 2 0 7 4 4 1 0 9 0 14 1 3 7 0 
70 0 6 3 34 135 3 13 4 16 1 1 2 3 1 14 5 21 0 117 
33 0 36 39 15 33 7 36 30 51 5 15 15 21 24 22 25 27 1 14 
43 2 34 40 19 24 8 25 21 49 12 12 15 25 36 17 19 28 3 17 
34 6 23 49 15 34 5 26 29 56 9 9 9 18 32 25 28 26 4 12 
25 3 22 30 14 40 5 37 25 49 7 16 13 25 34 26 24 43 1 10 
42 2 31 34 12 34 12 36 23 45 6 15 25 17 39 21 24 19 1 11 
46 6 29 30 14 28 7 35 24 49 5 13 14 20 24 29 30 30 4 12 
36 5 37 37 15 30 10 39 29 54 6 10 20 16 34 18 21 24 2 6 
24 6 33 38 12 29 8 41 23 62 3 16 12 14 30 14 26 42 1 15 
27 4 32 36 13 24 9 33 19 62 10 16 18 29 29 19 23 25 6 15 
32 6 24 38 14 38 4 46 23 41 9 24 16 21 28 18 22 27 2 16 
37 3 20 44 20 28 9 49 21 50 10 11 12 22 22 24 21 31 3 12 
42 1 31 51 20 29 9 19 31 45 9 19 14 14 28 22 29 28 2 6 
40 2 30 38 17 27 9 33 28 44 6 19 14 17 31 19 30 32 3 10 
43 3 29 39 12 30 12 37 19 48 9 9 12 24 33 24 14 39 5 8 
43 2 25 44 14 27 5 33 23 53 16 16 7 12 43 21 21 25 5 14 
44 4 24 44 14 22 8 35 29 45 11 14 13 17 32 17 21 32 3 20 
34 1 26 37 13 30 8 30 34 48 9 9 18 21 28 23 28 34 2 16 
31 4 33 35 16 35 8 33 23 50 10 13 8 14 29 25 28 32 6 16 
33 5 38 34 8 40 8 42 28 41 9 9 14 12 29 16 23 38 4 18 
36 3 24 39 17 33 8 35 26 48 10 20 21 19 30 22 22 24 1 11 
45 3 27 41 15 32 4 29 22 53 8 20 11 22 32 17 22 33 2 11 
