539 0 0 0 0 76 0 0 2 1 1 0 3 4 24 1 0 0 0 0 
0 0 0 1 0 1 0 0 591 0 0 0 30 0 26 0 1 0 0 0 
0 1 1 8 2 0 0 0 14 0 0 614 2 7 0 0 0 0 0 1 
0 0 0 0 2 2 0 0 0 1 0 0 28 0 0 0 2 0 0 616 
1 0 0 1 28 618 0 1 1 0 0 0 0 1 0 0 0 0 0 0 
27 0 0 2 0 4 0 0 1 0 0 0 0 1 616 0 0 0 0 0 
544 2 11 5 0 0 0 0 2 0 1 4 1 5 1 0 0 75 0 0 
29 52 1 0 0 0 0 0 1 1 0 0 0 0 0 0 0 565 0 2 
7 21 0 0 6 1 0 0 0 1 0 0 0 0 2 1 0 0 0 612 
0 0 0 616 3 2 8 0 0 1 0 0 0 1 0 1 0 0 0 19 
30 532 7 7 2 54 0 0 0 2 1 0 0 9 0 1 0 3 2 1 
2 0 0 0 28 0 0 1 0 614 0 0 1 2 0 1 0 0 2 0 
2 0 0 1 0 3 0 0 61 1 0 0 1 2 552 0 1 0 27 0 
0 0 0 0 0 622 0 0 1 24 0 0 0 4 0 0 0 0 0 0 
0 0 2 0 0 647 0 0 0 0 0 1 0 0 0 0 0 0 0 0 
1 0 2 0 2 27 0 1 0 614 0 0 0 0 0 0 0 2 0 1 
0 0 645 0 2 1 0 2 0 0 0 1 0 0 0 0 0 0 0 0 
0 0 0 0 646 0 0 2 2 0 0 0 0 0 1 0 0 0 0 0 
1 0 0 0 0 0 0 30 2 30 17 2 0 0 0 0 565 4 0 0 
0 0 2 0 0 0 0 0 646 0 0 2 0 0 0 0 0 1 0 0 
0 0 620 2 0 0 0 0 0 0 0 28 0 0 0 0 0 0 0 1 
0 0 646 3 0 0 0 0 0 0 0 0 2 0 0 0 0 0 0 0 
0 1 0 646 0 0 0 0 0 0 0 0 2 2 0 0 0 0 0 0 
0 0 0 0 0 2 0 1 0 2 0 614 28 2 0 0 2 0 0 0 
0 0 0 0 0 2 0 103 0 2 0 2 0 28 1 0 1 512 0 0 
2 0 0 0 1 28 0 0 0 0 0 611 0 2 0 0 7 0 0 0 
0 0 0 1 0 1 0 0 0 0 0 29 0 2 0 616 1 1 0 0 
3 0 0 0 2 0 0 0 0 1 0 0 1 640 1 1 1 1 0 0 
5 2 1 0 2 0 0 0 0 0 0 1 610 0 0 6 9 15 0 0 
0 2 0 0 643 0 0 0 0 1 0 0 0 2 0 1 0 1 0 1 
20 8 0 0 0 0 0 2 0 2 596 0 0 19 0 2 1 0 0 0 
1 0 1 0 0 0 37 0 1 0 2 2 26 4 577 0 0 0 0 0 
0 0 1 2 8 0 0 1 0 12 7 2 0 0 0 0 0 2 612 4 
1 2 1 4 0 0 0 0 30 0 0 5 1 10 597 0 0 0 0 0 
0 2 559 56 0 0 4 2 7 0 0 8 0 10 1 0 0 1 0 0 
0 3 0 0 0 1 0 2 0 0 0 1 2 0 615 0 17 8 0 0 
1 0 0 2 600 0 0 17 0 6 3 0 2 0 0 1 0 7 1 10 
3 10 17 14 0 0 0 1 1 494 0 1 12 2 14 0 1 79 0 0 
5 0 0 5 557 0 0 0 1 19 0 4 0 0 0 3 0 4 0 52 
3 475 0 1 1 3 0 0 2 0 0 0 0 1 1 15 0 146 0 0 
510 0 0 0 0 0 1 2 3 5 82 4 1 19 0 4 8 6 0 5 
2 0 43 597 1 0 0 0 4 0 2 0 0 0 1 0 1 0 0 0 
614 0 0 0 0 27 0 1 0 0 3 0 0 0 3 3 0 0 0 0 
2 0 0 0 1 0 0 355 0 181 27 1 0 0 3 0 6 72 0 0 
3 1 4 17 90 0 15 0 22 1 0 85 0 11 15 1 1 2 1 381 
5 1 0 3 0 0 6 0 570 11 0 0 0 1 49 0 4 1 0 0 
485 2 1 1 0 0 0 0 1 0 0 0 0 1 0 157 1 2 0 0 
12 0 0 32 0 0 1 5 1 1 3 0 0 557 1 32 3 2 0 1 
546 2 25 7 1 2 1 0 4 0 0 0 1 16 5 19 18 4 0 0 
46 0 1 571 0 3 0 0 4 3 1 0 0 9 1 5 2 4 0 0 
