MEME version 4

ALPHABET= ACDEFGHIKLMNPQRSTVWY

Background letter frequencies (from file `/home/yincp/Desktop/Descriptor_Preprocessor/Reports/19082019/PDOC00139/compos_align.txt'):
A 0.00000 C 0.00000 D 0.14289 E 0.00000 F 0.00000 G 0.14289 H 0.00000 I 0.04513 K 0.14289 L 0.09689 M 0.00028 N 0.00000 P 0.00000 Q 0.00000 R 0.00000 S 0.00000 T 0.42626 V 0.00277 W 0.00000 Y 0.00000 

MOTIF 1 DKTGTJT

letter-probability matrix: alength= 20 w= 7 nsites= 516 E= 0
  0.000000	  0.000000	  1.000000	  0.000000	  0.000000	  0.000000	  0.000000	  0.000000	  0.000000	  0.000000	  0.000000	  0.000000	  0.000000	  0.000000	  0.000000	  0.000000	  0.000000	  0.000000	  0.000000	  0.000000	
  0.000000	  0.000000	  0.000000	  0.000000	  0.000000	  0.000000	  0.000000	  0.000000	  1.000000	  0.000000	  0.000000	  0.000000	  0.000000	  0.000000	  0.000000	  0.000000	  0.000000	  0.000000	  0.000000	  0.000000	
  0.000000	  0.000000	  0.000000	  0.000000	  0.000000	  0.000000	  0.000000	  0.000000	  0.000000	  0.000000	  0.000000	  0.000000	  0.000000	  0.000000	  0.000000	  0.000000	  1.000000	  0.000000	  0.000000	  0.000000	
  0.000000	  0.000000	  0.000000	  0.000000	  0.000000	  1.000000	  0.000000	  0.000000	  0.000000	  0.000000	  0.000000	  0.000000	  0.000000	  0.000000	  0.000000	  0.000000	  0.000000	  0.000000	  0.000000	  0.000000	
  0.000000	  0.000000	  0.000000	  0.000000	  0.000000	  0.000000	  0.000000	  0.000000	  0.000000	  0.000000	  0.000000	  0.000000	  0.000000	  0.000000	  0.000000	  0.000000	  1.000000	  0.000000	  0.000000	  0.000000	
  0.000000	  0.000000	  0.000000	  0.000000	  0.000000	  0.000000	  0.000000	  0.300388	  0.000000	  0.678295	  0.001938	  0.000000	  0.000000	  0.000000	  0.000000	  0.000000	  0.000000	  0.019380	  0.000000	  0.000000	
  0.000000	  0.000000	  0.000000	  0.000000	  0.000000	  0.000000	  0.000000	  0.015504	  0.000000	  0.000000	  0.000000	  0.000000	  0.000000	  0.000000	  0.000000	  0.000000	  0.984496	  0.000000	  0.000000	  0.000000	

