24 1 47 76 21 0 2 6 32 14 0 33 54 16 112 40 37 29 0 3 
283 2 1 14 4 2 6 37 0 40 3 1 9 3 24 68 7 34 0 9 
6 37 3 23 2 0 0 80 17 80 5 43 8 5 0 6 3 229 0 0 
12 1 11 439 0 3 1 3 0 4 0 29 6 12 17 3 2 2 0 2 
124 1 11 64 6 13 3 11 14 8 15 8 0 20 23 15 173 36 2 0 
153 30 16 1 8 9 16 12 0 219 60 1 2 1 2 6 8 2 0 1 
54 0 19 5 0 369 16 2 14 0 1 7 1 27 12 13 4 2 0 1 
23 41 127 7 0 35 9 26 29 11 5 20 1 59 28 91 26 6 0 3 
42 10 20 3 0 1 0 79 4 30 24 3 0 4 2 4 95 218 8 0 
2 1 185 27 1 5 7 20 34 1 7 60 1 13 6 89 74 13 0 1 
37 6 4 2 1 19 6 55 2 24 6 1 0 3 2 5 130 190 0 54 
8 8 2 2 5 3 0 230 0 157 13 0 1 1 0 15 8 94 0 0 
30 209 1 3 42 9 1 42 0 121 15 0 0 0 1 5 18 50 0 0 
8 2 38 2 90 0 1 2 0 144 22 0 0 1 0 199 33 5 0 0 
0 0 485 0 0 0 0 2 39 1 0 18 0 0 0 0 0 1 0 1 
1 1 0 0 0 0 0 1 501 8 0 0 0 0 1 2 32 0 0 0 
2 0 0 9 0 28 1 0 0 0 0 15 0 0 0 0 492 0 0 0 
0 0 1 0 0 502 0 1 0 0 0 1 0 0 0 1 41 0 0 0 
9 0 0 0 1 0 0 15 1 14 1 1 1 0 0 3 498 3 0 0 
0 0 0 3 0 0 0 163 0 339 2 1 0 1 0 0 34 4 0 0 
1 7 1 2 0 1 0 3 4 2 1 15 0 3 3 0 503 1 0 0 
8 15 5 57 19 25 11 16 31 114 26 13 0 96 16 5 61 10 0 19 
11 1 22 6 0 214 0 2 8 1 0 238 3 1 17 3 15 3 0 2 
17 0 6 34 2 19 16 20 86 7 4 125 20 55 87 16 9 22 0 2 
4 0 1 4 22 1 0 7 3 61 211 2 58 2 121 10 20 19 0 1 
12 2 18 34 3 3 0 21 35 15 25 3 0 84 24 72 116 80 0 0 
128 4 2 3 57 0 7 11 3 36 2 0 1 1 0 4 22 265 0 1 
54 24 50 14 3 23 21 16 36 16 7 19 0 14 22 106 65 49 7 1 
26 7 56 100 4 37 65 3 78 6 1 17 2 34 45 17 21 13 0 15 
27 46 17 3 126 5 20 49 1 59 61 14 12 3 1 17 9 60 1 16 
19 19 5 15 36 18 26 67 17 83 3 3 1 8 17 29 41 31 71 38 
41 5 22 7 56 15 0 99 2 28 2 3 146 3 3 23 40 48 0 4 
92 12 61 23 27 39 3 25 8 78 12 38 11 10 1 23 9 72 1 2 
34 0 70 34 4 95 8 6 30 3 4 86 28 46 26 25 20 26 0 2 
4 2 29 27 27 150 18 11 43 1 7 46 9 55 19 23 38 33 1 4 
44 5 20 28 11 19 31 84 25 29 7 12 2 16 11 37 19 137 5 5 
13 5 67 46 13 13 43 34 26 21 12 10 10 24 11 41 56 19 7 76 
22 2 21 147 23 82 5 19 43 34 5 16 15 14 22 34 21 20 1 1 
74 1 55 92 4 15 12 9 42 53 5 23 8 43 36 9 16 47 0 3 
45 2 115 67 7 9 10 24 20 30 1 7 16 44 21 22 55 49 0 3 
29 18 16 36 8 10 6 7 19 142 2 13 31 8 16 36 85 60 0 5 
114 2 35 41 1 28 7 27 8 66 19 19 9 9 18 48 63 28 0 5 
54 2 97 97 17 10 12 6 35 70 5 10 27 11 17 28 20 24 0 5 
120 3 45 35 10 20 5 16 21 45 5 50 3 25 12 35 16 47 18 16 
191 3 27 38 5 16 3 18 12 36 1 7 7 57 11 38 12 41 5 19 
77 15 13 19 34 8 6 25 5 65 7 11 16 91 5 96 14 12 8 20 
71 3 11 39 13 70 6 22 31 121 22 15 20 10 4 39 29 15 2 4 
153 8 4 29 7 9 34 24 14 36 8 12 16 21 4 106 21 40 1 0 
56 3 6 42 3 23 9 13 18 37 4 18 46 11 11 185 42 15 0 5 
27 0 8 44 59 24 11 61 20 123 5 13 9 16 23 41 30 26 0 7 
