MEME version 4

ALPHABET= ACDEFGHIKLMNPQRSTVWY

Background letter frequencies (from file `/home/yincp/Desktop/Descriptor_Preprocessor/Reports/19082019/PDOC00409/compos_align.txt'):
A 0.08113 C 0.00276 D 0.11110 E 0.01545 F 0.00018 G 0.11330 H 0.11130 I 0.05445 K 0.00129 L 0.02851 M 0.00074 N 0.11130 P 0.03845 Q 0.00018 R 0.00092 S 0.20770 T 0.01325 V 0.10800 W 0.00000 Y 0.00000 

MOTIF 1 NXVHGSDSX

letter-probability matrix: alength= 20 w= 9 nsites= 604 E= 0
  0.000000	  0.000000	  0.000000	  0.000000	  0.000000	  0.000000	  0.000000	  0.000000	  0.000000	  0.000000	  0.000000	  1.000000	  0.000000	  0.000000	  0.000000	  0.000000	  0.000000	  0.000000	  0.000000	  0.000000	
  0.307947	  0.011589	  0.000000	  0.000000	  0.001656	  0.079470	  0.001656	  0.157285	  0.000000	  0.066225	  0.004967	  0.000000	  0.001656	  0.000000	  0.006623	  0.162252	  0.028146	  0.170530	  0.000000	  0.000000	
  0.066225	  0.013245	  0.000000	  0.001656	  0.000000	  0.000000	  0.000000	  0.288079	  0.000000	  0.001656	  0.000000	  0.000000	  0.004967	  0.001656	  0.001656	  0.003311	  0.091060	  0.526490	  0.000000	  0.000000	
  0.000000	  0.000000	  0.000000	  0.000000	  0.000000	  0.000000	  1.000000	  0.000000	  0.000000	  0.000000	  0.000000	  0.000000	  0.000000	  0.000000	  0.000000	  0.000000	  0.000000	  0.000000	  0.000000	  0.000000	
  0.104305	  0.000000	  0.000000	  0.000000	  0.000000	  0.895695	  0.000000	  0.000000	  0.000000	  0.000000	  0.000000	  0.000000	  0.000000	  0.000000	  0.000000	  0.000000	  0.000000	  0.000000	  0.000000	  0.000000	
  0.000000	  0.000000	  0.000000	  0.000000	  0.000000	  0.000000	  0.000000	  0.000000	  0.000000	  0.000000	  0.000000	  0.000000	  0.000000	  0.000000	  0.000000	  1.000000	  0.000000	  0.000000	  0.000000	  0.000000	
  0.000000	  0.000000	  1.000000	  0.000000	  0.000000	  0.000000	  0.000000	  0.000000	  0.000000	  0.000000	  0.000000	  0.000000	  0.000000	  0.000000	  0.000000	  0.000000	  0.000000	  0.000000	  0.000000	  0.000000	
  0.251656	  0.000000	  0.000000	  0.000000	  0.000000	  0.044702	  0.000000	  0.000000	  0.000000	  0.000000	  0.000000	  0.000000	  0.000000	  0.000000	  0.000000	  0.703642	  0.000000	  0.000000	  0.000000	  0.000000	
  0.000000	  0.000000	  0.000000	  0.137417	  0.000000	  0.000000	  0.000000	  0.044702	  0.011589	  0.188742	  0.001656	  0.001656	  0.339404	  0.000000	  0.000000	  0.000000	  0.000000	  0.274834	  0.000000	  0.000000	

