1 0 39 0 1 0 0 0 15 0 0 222 2 0 14 1 0 1 0 1 
13 0 0 0 0 4 0 0 1 0 0 0 272 0 1 3 0 2 1 0 
122 0 1 10 0 2 6 1 34 65 0 0 0 9 9 25 3 8 2 0 
9 0 39 109 1 3 4 3 32 0 0 58 4 22 0 3 6 3 0 1 
228 0 0 1 0 4 1 2 1 0 0 0 0 0 1 57 0 2 0 0 
104 0 16 50 0 2 0 1 20 60 2 5 5 5 0 19 5 0 0 3 
62 2 1 12 3 0 0 5 0 3 3 0 191 2 6 5 2 0 0 0 
0 0 4 2 0 283 0 0 0 0 0 0 0 0 4 4 0 0 0 0 
0 0 0 0 0 4 0 0 0 2 0 0 0 0 0 34 257 0 0 0 
0 0 4 0 0 3 0 222 0 62 0 0 0 0 2 0 0 4 0 0 
1 1 0 0 2 0 0 0 0 0 0 0 3 0 288 0 0 0 0 2 
112 0 0 0 1 168 0 0 6 0 0 0 0 1 3 3 0 3 0 0 
0 0 257 5 0 0 0 0 1 12 0 1 1 4 3 5 4 3 0 1 
3 0 2 2 149 0 0 0 0 52 0 0 0 0 1 1 0 0 0 87 
180 25 0 0 0 76 0 2 0 0 3 0 0 0 0 8 0 3 0 0 
5 1 58 27 0 2 0 69 1 48 11 0 2 3 0 3 7 60 0 0 
0 0 66 8 2 3 9 0 0 0 0 17 0 28 2 121 35 3 3 0 
4 0 5 2 6 3 0 120 5 46 6 1 1 1 1 0 19 77 0 0 
7 0 50 4 0 148 0 5 1 1 0 6 0 3 4 8 60 0 0 0 
9 3 0 96 0 0 0 3 20 2 6 0 1 2 141 0 2 6 0 6 
0 0 1 0 0 0 0 0 0 1 0 295 0 0 0 0 0 0 0 0 
55 6 0 0 0 47 0 81 0 19 0 0 0 0 0 5 9 75 0 0 
22 7 0 0 0 0 0 141 0 0 1 0 0 0 1 0 52 73 0 0 
0 0 0 0 0 0 296 0 0 0 0 0 0 0 1 0 0 0 0 0 
42 0 0 0 0 254 0 1 0 0 0 0 0 0 0 0 0 0 0 0 
1 0 0 0 0 0 0 0 0 0 0 0 0 0 0 296 0 0 0 0 
0 0 292 0 0 1 0 0 0 0 0 0 0 0 3 1 0 0 0 0 
47 0 0 0 0 24 0 0 0 0 0 1 0 0 0 225 0 0 0 0 
0 0 0 18 0 0 0 12 6 67 2 1 74 0 0 0 0 117 0 0 
29 0 21 229 0 0 0 3 7 0 0 0 1 2 0 1 1 3 0 0 
6 0 0 1 0 5 1 0 3 0 0 35 0 0 0 204 41 0 1 0 
278 0 0 0 2 12 2 0 0 0 0 0 0 0 0 0 1 0 0 2 
78 1 2 92 0 1 1 2 45 0 2 12 0 42 7 7 5 0 0 0 
0 0 8 4 14 0 5 15 50 0 2 0 0 4 187 1 3 0 3 1 
0 0 0 291 0 0 0 0 0 0 0 0 1 0 2 2 0 1 0 0 
1 1 0 0 0 1 0 257 0 7 6 0 0 0 0 1 5 16 0 2 
153 0 8 6 0 27 1 0 14 1 0 36 2 7 4 36 2 0 0 0 
6 0 0 0 35 0 1 27 0 141 0 0 0 0 2 0 0 1 0 84 
3 0 0 0 159 0 8 0 0 2 1 0 0 0 1 0 0 1 112 10 
0 0 0 0 292 0 0 0 0 1 0 0 3 0 0 0 0 1 0 0 
29 0 7 6 0 50 3 0 64 1 0 28 30 17 11 47 3 1 0 0 
38 0 33 126 0 1 0 0 15 0 0 2 57 2 2 10 11 0 0 0 
12 0 29 82 6 68 9 4 3 0 0 25 0 9 0 21 17 9 0 3 
1 0 3 260 3 2 0 1 0 4 0 1 3 2 3 5 2 7 0 0 
15 0 0 4 4 3 0 71 0 122 0 0 1 1 0 4 2 67 0 3 
6 106 5 9 9 2 5 14 0 19 4 16 1 6 0 12 16 65 0 2 
14 3 44 35 3 6 0 2 2 0 0 28 82 2 6 47 6 2 14 1 
2 1 3 4 2 1 0 3 0 3 2 2 2 9 92 21 0 3 58 89 
22 5 7 28 0 2 1 11 21 3 7 5 8 12 7 31 105 9 3 10 
16 0 6 11 0 8 5 1 25 10 2 7 31 1 105 55 6 1 2 5 
