MEME version 4

ALPHABET= ACDEFGHIKLMNPQRSTVWY

Background letter frequencies
A 0.0826 C 0.0138 D 0.0546 E 0.0673 F 0.0387 G 0.0708 H 0.0228 I 0.0592 K 0.0582 L 0.0966 
M 0.0242 N 0.0406 P 0.0473 Q 0.0393 R 0.0554 S 0.0663 T 0.0536 V 0.0687 W 0.011 
Y 0.0292 

MOTIF MEME-1
letter-probability matrix: alength= 20 w= 50 nsites= 4767 E= 0.000
0.244598 0.006503 0.013216 0.045521 0.006083 0.033984 0.005035 0.092931 0.015314 0.269142 0.058318 0.012167 0.001259 0.018460 0.019929 0.048458 0.020558 0.070904 0.008181 0.009440 
0.140969 0.004196 0.015943 0.032935 0.015104 0.024124 0.004825 0.048248 0.051605 0.436333 0.023075 0.028320 0.001049 0.029788 0.032305 0.042165 0.011957 0.052234 0.001888 0.002937 
0.097126 0.001468 0.098385 0.155444 0.031257 0.032725 0.012377 0.021187 0.106146 0.175372 0.025802 0.029788 0.002517 0.040696 0.073212 0.048039 0.027900 0.018250 0.001678 0.000629 
0.060835 0.003566 0.028949 0.053912 0.045941 0.011118 0.015314 0.050136 0.041326 0.180617 0.042794 0.012796 0.094399 0.041536 0.104468 0.023495 0.014055 0.087896 0.077617 0.009230 
0.034403 0.019299 0.079924 0.053493 0.021817 0.108244 0.009650 0.018880 0.019929 0.177051 0.021187 0.054122 0.011118 0.022656 0.014265 0.017411 0.018670 0.292847 0.000420 0.004615 
0.029788 0.000420 0.060625 0.113069 0.018041 0.405916 0.005664 0.037130 0.065030 0.086428 0.002308 0.033564 0.001468 0.056849 0.033354 0.015733 0.002937 0.028529 0.000839 0.002308 
0.033354 0.009020 0.072582 0.013006 0.015943 0.024544 0.003566 0.083910 0.049507 0.411789 0.048878 0.018880 0.015314 0.003147 0.016572 0.023075 0.018460 0.088735 0.000420 0.049297 
0.114537 0.002308 0.123768 0.128592 0.007552 0.072792 0.016992 0.008181 0.107825 0.040487 0.004615 0.041116 0.025383 0.051605 0.023495 0.076358 0.086008 0.014894 0.004405 0.049087 
0.043633 0.000629 0.208727 0.088735 0.021187 0.089994 0.082022 0.057478 0.032305 0.049297 0.008391 0.034193 0.053073 0.016362 0.019090 0.048458 0.114537 0.022866 0.004825 0.004196 
0.024334 0.003986 0.058947 0.029998 0.082232 0.016362 0.041326 0.042794 0.121670 0.136564 0.021817 0.023914 0.010279 0.025593 0.156283 0.037130 0.027061 0.087686 0.001259 0.050766 
0.165303 0.006923 0.005035 0.065030 0.006293 0.060625 0.018250 0.075309 0.031466 0.295784 0.021607 0.001888 0.048458 0.019090 0.036501 0.020768 0.014055 0.097965 0.003566 0.006083 
0.036920 0.001259 0.205160 0.074470 0.008601 0.169289 0.082442 0.003776 0.080554 0.022446 0.005664 0.108034 0.003776 0.029788 0.036711 0.056639 0.037760 0.012587 0.005244 0.018880 
0.075729 0.002098 0.062513 0.140969 0.002727 0.005664 0.060415 0.014265 0.082022 0.026222 0.006923 0.026641 0.009859 0.113489 0.226138 0.050766 0.043843 0.027900 0.006923 0.014894 
0.034403 0.001888 0.015104 0.038389 0.033774 0.046780 0.011747 0.007762 0.092301 0.064611 0.016992 0.062094 0.118943 0.035872 0.152717 0.107825 0.009650 0.006503 0.023705 0.118943 
0.143067 0.009650 0.001678 0.001678 0.007762 0.177890 0.002517 0.095028 0.003776 0.023495 0.016362 0.004825 0.331236 0.000839 0.003147 0.017202 0.023914 0.130480 0.000000 0.005454 
0.119362 0.008181 0.047199 0.033564 0.045312 0.119992 0.063982 0.028739 0.053073 0.045941 0.014475 0.045312 0.007552 0.041536 0.084959 0.122928 0.049297 0.036501 0.005454 0.026641 
0.053283 0.001888 0.032096 0.148941 0.004615 0.104049 0.019929 0.001678 0.045102 0.024334 0.016572 0.081183 0.000420 0.190266 0.041116 0.081812 0.122299 0.019090 0.000210 0.011118 
0.000000 0.001468 0.000000 0.000000 0.034403 0.000000 0.000000 0.044892 0.000000 0.852318 0.025593 0.000000 0.000000 0.000000 0.000000 0.000000 0.000000 0.016992 0.003147 0.021187 
0.004405 0.000000 0.003147 0.002308 0.000000 0.008601 0.000000 0.000000 0.000000 0.000000 0.000000 0.001888 0.003356 0.000000 0.000420 0.966855 0.008811 0.000210 0.000000 0.000000 
0.022866 0.000210 0.004196 0.003986 0.004825 0.820013 0.010489 0.024334 0.003356 0.013006 0.001678 0.001468 0.003776 0.007342 0.002937 0.013845 0.012377 0.042165 0.000210 0.006923 
0.025383 0.000000 0.000000 0.012167 0.000000 0.951122 0.000210 0.000000 0.000000 0.000000 0.000000 0.000000 0.000000 0.000000 0.000000 0.010908 0.000210 0.000000 0.000000 0.000000 
0.000629 0.000000 0.010908 0.230543 0.000420 0.000000 0.011538 0.002727 0.003147 0.002098 0.055591 0.062303 0.000210 0.602685 0.002517 0.002308 0.001468 0.000839 0.009230 0.000839 
0.042375 0.002937 0.000000 0.000000 0.005035 0.001259 0.001468 0.001678 0.290120 0.025383 0.029369 0.001468 0.000000 0.298720 0.268722 0.010279 0.006503 0.000210 0.014265 0.000210 
0.020558 0.000629 0.000000 0.002517 0.000000 0.002098 0.001888 0.000420 0.064611 0.002517 0.008601 0.001888 0.000000 0.797567 0.086637 0.006293 0.000629 0.003147 0.000000 0.000000 
0.001049 0.000839 0.000000 0.000000 0.002308 0.000420 0.000000 0.004825 0.094399 0.057059 0.034403 0.000000 0.000000 0.002727 0.798615 0.000000 0.001049 0.002098 0.000210 0.000000 
0.039018 0.002937 0.000000 0.000000 0.006713 0.000420 0.000000 0.154814 0.000000 0.205370 0.018460 0.003566 0.000000 0.000000 0.000000 0.000000 0.007552 0.560940 0.000000 0.000210 
0.419551 0.108454 0.001049 0.063562 0.003986 0.076778 0.002727 0.016782 0.018460 0.039018 0.014055 0.007762 0.000210 0.009650 0.029578 0.105727 0.039438 0.038808 0.001678 0.002727 
0.000629 0.000629 0.000000 0.000000 0.030208 0.000000 0.000000 0.595972 0.000000 0.297462 0.027061 0.000000 0.000000 0.000000 0.000000 0.000000 0.013006 0.035033 0.000000 0.000000 
0.842249 0.011747 0.000000 0.000000 0.000000 0.090413 0.000000 0.002937 0.000000 0.009440 0.009440 0.000000 0.000000 0.000000 0.000420 0.020348 0.005244 0.007762 0.000000 0.000000 
0.017411 0.007552 0.000210 0.018880 0.000420 0.048668 0.000420 0.025173 0.086008 0.014894 0.014894 0.000839 0.000000 0.009650 0.676736 0.041745 0.015523 0.019509 0.000839 0.000629 
0.584225 0.028739 0.002098 0.040906 0.000839 0.028739 0.000210 0.035662 0.000210 0.045941 0.019719 0.003986 0.000000 0.021817 0.000000 0.043424 0.034403 0.074680 0.034193 0.000210 
0.008601 0.004196 0.000000 0.000000 0.031886 0.000420 0.000839 0.164884 0.000000 0.644011 0.029998 0.000210 0.000000 0.000420 0.000420 0.003147 0.005035 0.090833 0.011118 0.003986 
0.287392 0.009650 0.001049 0.008181 0.009440 0.024544 0.011538 0.076778 0.001049 0.195091 0.062303 0.009440 0.000000 0.003776 0.000210 0.056639 0.015523 0.182714 0.003356 0.041326 
0.057269 0.018460 0.005244 0.010069 0.009020 0.036291 0.033564 0.046780 0.084749 0.061254 0.061254 0.128383 0.008601 0.072582 0.116635 0.083491 0.088945 0.066289 0.000629 0.010489 
0.020138 0.005244 0.160478 0.149360 0.000420 0.052863 0.019929 0.009440 0.121250 0.002937 0.002517 0.177890 0.022236 0.079924 0.122509 0.042794 0.002517 0.003776 0.000420 0.003356 
0.132998 0.007342 0.003986 0.000420 0.002517 0.024963 0.002727 0.002727 0.005454 0.020558 0.003986 0.003147 0.657646 0.006503 0.014265 0.073421 0.024124 0.007762 0.005244 0.000210 
0.047829 0.002098 0.134886 0.138452 0.001468 0.009859 0.015104 0.004615 0.219425 0.008601 0.002517 0.024754 0.088735 0.064401 0.117684 0.067757 0.042165 0.008811 0.000420 0.000420 
0.016992 0.015943 0.002727 0.000000 0.021607 0.037550 0.001259 0.313614 0.000000 0.216908 0.010908 0.000000 0.003147 0.005664 0.000000 0.000839 0.005664 0.334802 0.001049 0.011328 
0.015733 0.002098 0.000000 0.001049 0.032096 0.000210 0.000420 0.192154 0.009859 0.570589 0.018250 0.000210 0.001678 0.004615 0.006083 0.001049 0.002727 0.081812 0.027061 0.032305 
0.014475 0.009230 0.000210 0.000210 0.058947 0.000839 0.000000 0.254668 0.000000 0.527795 0.021187 0.010699 0.000210 0.000000 0.000210 0.004615 0.013426 0.081603 0.000000 0.001678 
0.119782 0.041116 0.001468 0.000839 0.076778 0.004196 0.000000 0.019509 0.000000 0.528425 0.135725 0.000420 0.010279 0.000210 0.000000 0.021607 0.000420 0.011747 0.007132 0.020348 
0.007552 0.000000 0.946088 0.000629 0.000000 0.002308 0.001049 0.005244 0.000210 0.000000 0.000000 0.000839 0.000210 0.000629 0.000000 0.000839 0.000000 0.015523 0.000000 0.018880 
0.001888 0.001678 0.023705 0.905391 0.000000 0.008811 0.000420 0.016362 0.000839 0.018880 0.001049 0.006713 0.001049 0.001888 0.000000 0.010279 0.000000 0.001049 0.000000 0.000000 
0.189847 0.007132 0.018670 0.000210 0.000210 0.001049 0.000210 0.018460 0.001049 0.018460 0.000420 0.000000 0.694986 0.008811 0.002098 0.025802 0.002517 0.009440 0.000420 0.000210 
0.019090 0.032935 0.022656 0.019929 0.085169 0.001678 0.000000 0.015943 0.000000 0.139291 0.006293 0.001049 0.001259 0.000000 0.001259 0.039228 0.577512 0.032935 0.000000 0.003776 
0.173484 0.000839 0.005244 0.018250 0.000839 0.125865 0.000420 0.001468 0.002517 0.014475 0.000000 0.035242 0.018670 0.017621 0.061674 0.441158 0.069436 0.010908 0.001259 0.000629 
0.437802 0.001468 0.009650 0.001259 0.003356 0.208097 0.028110 0.001888 0.000210 0.013845 0.024754 0.095867 0.019299 0.002937 0.000420 0.121460 0.003356 0.009650 0.000420 0.016153 
0.000629 0.000629 0.000000 0.000000 0.000629 0.007762 0.000000 0.080134 0.000000 0.787078 0.016782 0.000000 0.000000 0.008391 0.000210 0.000000 0.017831 0.079295 0.000629 0.000000 
0.001888 0.000210 0.887980 0.002098 0.000000 0.021397 0.000210 0.000000 0.000000 0.004405 0.000000 0.003566 0.000420 0.000000 0.000000 0.021397 0.056010 0.000420 0.000000 0.000000 
0.150619 0.000629 0.019719 0.041116 0.008811 0.024124 0.007132 0.034613 0.013006 0.064611 0.011328 0.011957 0.307950 0.015104 0.014055 0.084330 0.048458 0.120201 0.001468 0.020768 

