45 4 27 30 24 54 10 35 32 52 20 17 20 18 31 37 38 43 2 8 
47 12 29 43 16 32 8 39 29 50 13 20 26 14 27 43 27 51 9 12 
53 6 28 30 16 44 9 48 31 59 15 23 20 19 21 35 32 45 4 9 
49 10 34 26 22 47 10 47 31 58 19 14 24 16 22 27 24 45 6 16 
62 8 22 27 13 47 6 40 24 55 11 23 34 9 29 32 28 54 9 14 
53 5 23 34 25 50 9 46 25 42 11 23 20 19 21 39 33 48 4 17 
66 5 22 39 25 39 7 38 32 59 15 18 18 18 24 35 19 44 7 17 
50 3 21 38 22 46 6 45 24 52 16 18 18 21 24 40 39 46 9 9 
63 8 33 29 22 33 3 31 28 51 11 18 22 15 27 33 52 46 8 14 
48 6 20 36 17 37 7 35 35 41 18 19 26 28 24 34 39 60 7 10 
53 6 23 29 24 41 15 44 24 51 15 19 14 17 25 33 36 55 10 13 
48 11 31 34 23 40 10 43 29 53 18 17 14 19 25 31 30 51 6 14 
33 10 32 32 23 33 5 45 31 54 14 20 29 12 26 48 37 40 10 13 
47 7 21 26 25 39 6 40 30 51 21 24 13 24 23 38 42 49 8 13 
51 12 22 32 25 49 13 37 31 48 11 27 29 10 25 30 27 51 9 8 
0 1 0 0 0 0 0 1 540 1 0 1 0 0 1 2 0 0 0 0 
1 0 0 1 0 0 0 0 0 7 0 15 0 0 0 0 523 0 0 0 
2 0 1 8 0 530 1 1 0 0 0 1 0 0 0 1 2 0 0 0 
1 0 0 0 1 0 0 0 1 0 0 1 1 0 0 3 538 1 0 0 
8 0 0 2 0 0 0 174 0 353 3 1 0 0 0 0 0 6 0 0 
0 0 0 1 0 0 0 7 0 0 0 0 0 1 0 0 537 1 0 0 
9 22 5 59 19 3 10 9 34 116 27 24 0 99 19 5 58 10 0 19 
62 8 32 31 24 52 8 26 31 47 11 22 25 15 26 33 36 43 5 10 
54 11 31 33 25 28 14 47 31 44 13 23 20 23 29 33 23 45 9 11 
54 12 26 38 21 31 12 32 28 62 11 19 25 17 26 45 29 46 6 7 
34 3 26 31 21 37 16 50 28 45 10 21 18 26 24 39 36 59 9 14 
53 12 35 32 23 33 6 43 32 53 14 21 25 15 24 33 33 44 4 12 
47 8 29 32 31 33 7 46 32 52 13 21 15 17 19 36 45 48 5 11 
60 10 27 30 23 45 12 31 26 64 11 15 22 21 29 29 46 34 5 7 
47 6 36 37 21 35 8 45 18 51 15 27 22 17 22 44 32 52 6 6 
51 8 33 36 17 44 5 37 30 59 21 17 27 17 19 48 37 25 5 11 
40 6 23 29 21 41 12 42 28 52 16 26 22 22 23 45 34 44 7 14 
49 11 18 35 25 35 8 38 44 62 14 28 21 19 18 31 26 52 7 6 
49 5 26 21 24 35 11 30 40 61 20 24 16 23 25 36 42 44 3 12 
56 7 31 31 25 43 7 45 21 55 14 17 24 16 23 38 32 42 8 12 
45 9 34 37 22 41 11 38 31 57 18 25 22 18 23 38 32 30 5 11 
46 10 21 23 17 42 10 36 31 60 16 20 26 25 27 37 35 42 6 17 
59 6 30 29 15 45 11 28 29 56 18 18 12 18 22 43 45 40 8 15 
42 5 26 39 28 37 4 35 43 71 6 20 23 13 27 31 33 45 5 14 
45 9 26 41 25 43 11 39 27 52 17 20 12 24 21 33 34 46 7 15 
56 11 30 28 16 33 6 41 36 54 13 20 21 21 28 35 39 40 8 11 
52 8 38 31 26 34 8 34 33 49 17 24 20 13 25 27 41 52 4 11 
42 6 25 33 24 36 4 40 30 63 17 22 21 16 21 36 41 54 6 10 
40 9 27 31 28 41 1 46 38 55 12 18 20 21 23 33 41 47 4 12 
53 10 29 37 15 40 8 43 30 53 14 20 24 16 23 32 35 44 9 12 
49 10 33 32 20 46 4 35 26 58 13 28 28 17 19 37 33 46 4 9 
49 9 22 29 24 46 15 45 25 47 16 20 21 18 23 39 32 51 5 11 
69 9 26 29 23 29 9 46 37 50 11 19 22 15 25 26 38 37 10 17 
56 10 23 29 19 38 10 35 30 58 14 25 17 18 28 37 44 34 7 15 
60 8 36 37 18 44 8 33 31 51 13 23 28 19 21 32 29 40 2 14 
