0 0 0 0 0 1 0 0 33 0 0 0 617 0 0 0 0 0 0 0 
0 0 0 0 0 0 0 0 616 0 0 1 32 0 0 0 0 1 0 1 
0 0 0 0 0 1 0 2 32 616 0 0 0 0 0 0 0 0 0 0 
0 0 0 0 0 618 0 0 0 32 0 0 0 0 1 0 0 0 0 0 
0 0 0 0 0 32 0 0 0 617 0 0 1 0 1 0 0 0 0 0 
2 1 1 0 0 0 0 0 0 34 0 0 0 0 0 613 0 0 0 0 
539 0 0 0 0 76 0 0 0 1 1 0 1 8 24 1 0 0 0 0 
0 0 0 1 0 1 0 0 589 0 0 0 32 0 26 0 1 0 0 0 
0 1 1 8 0 0 0 0 18 0 0 614 0 7 0 0 0 0 0 1 
0 0 0 0 0 0 0 0 0 1 0 0 32 0 0 0 2 0 0 616 
1 0 0 0 32 616 0 1 1 0 0 0 0 0 0 0 0 0 0 0 
25 0 0 1 0 8 0 0 1 0 0 0 0 0 616 0 0 0 0 0 
542 0 11 7 0 0 0 0 2 0 1 4 1 7 1 0 0 75 0 0 
33 50 1 0 0 0 0 0 1 1 0 0 0 0 0 0 0 565 0 0 
7 25 0 0 6 0 0 0 0 1 0 0 0 0 2 0 0 0 0 610 
0 0 0 616 1 1 8 0 0 1 0 0 0 1 0 0 0 0 0 23 
30 532 7 7 0 56 0 0 0 2 1 0 0 9 0 3 0 3 0 1 
2 0 0 0 32 0 0 1 0 614 0 0 1 0 0 1 0 0 0 0 
2 0 0 1 0 1 0 0 61 1 0 0 1 0 552 0 1 0 31 0 
0 0 0 0 0 618 0 0 1 24 0 0 0 8 0 0 0 0 0 0 
0 0 0 0 0 649 0 0 0 0 0 1 0 0 0 0 0 0 0 0 
1 0 0 0 0 31 0 1 0 614 0 0 0 0 0 0 0 2 0 1 
0 0 649 0 0 1 0 0 0 0 0 1 0 0 0 0 0 0 0 0 
0 0 0 0 650 0 0 0 0 0 0 0 0 0 1 0 0 0 0 0 
1 0 0 0 0 0 0 34 0 30 17 0 0 0 0 0 565 4 0 0 
0 0 0 0 0 0 0 0 650 0 0 0 0 0 0 0 0 1 0 0 
0 0 618 0 0 0 0 0 0 0 0 32 0 0 0 0 0 0 0 1 
0 0 650 1 0 0 0 0 0 0 0 0 0 0 0 0 0 0 0 0 
0 1 0 650 0 0 0 0 0 0 0 0 0 0 0 0 0 0 0 0 
0 0 0 0 0 0 0 1 0 2 0 614 32 0 0 0 2 0 0 0 
0 0 0 0 0 0 0 103 0 2 0 0 0 32 1 0 1 512 0 0 
2 0 0 0 1 32 0 0 0 0 0 609 0 0 0 0 7 0 0 0 
0 0 0 1 0 1 0 0 0 0 0 33 0 0 0 616 0 0 0 0 
3 0 0 0 0 0 0 0 0 1 0 0 1 644 1 1 0 0 0 0 
5 0 1 0 0 0 0 0 0 0 0 1 610 0 0 6 11 17 0 0 
0 0 0 0 647 0 0 0 0 1 0 0 0 0 0 1 0 1 0 1 
20 12 0 0 0 0 0 2 0 2 594 0 0 17 0 2 1 0 0 0 
1 0 1 0 0 0 37 0 1 0 0 0 26 8 577 0 0 0 0 0 
0 0 1 0 8 0 0 1 0 12 11 0 0 0 0 0 0 2 612 4 
1 0 1 2 0 0 0 0 30 0 0 9 1 10 597 0 0 0 0 0 
0 0 559 60 0 0 4 0 7 0 0 8 0 10 1 0 0 1 0 0 
0 7 0 0 0 1 0 0 0 0 0 1 0 0 615 0 17 8 0 0 
1 0 0 0 600 0 0 21 0 6 3 0 0 0 0 1 0 7 1 10 
3 10 17 12 0 0 0 1 1 494 0 1 16 2 14 0 1 77 0 0 
5 0 0 9 557 0 0 0 1 19 0 4 0 0 0 3 0 0 0 52 
3 475 0 1 1 3 0 0 0 0 0 0 0 1 1 15 0 148 0 0 
508 0 0 0 0 0 1 2 1 5 82 4 1 19 0 4 8 10 0 5 
0 0 43 597 1 0 0 0 8 0 0 0 0 0 1 0 1 0 0 0 
618 0 0 0 0 27 0 1 0 0 1 0 0 0 1 3 0 0 0 0 
0 0 0 0 1 0 0 355 0 181 31 1 0 0 1 0 6 72 0 0 
