MEME version 4

ALPHABET= ACDEFGHIKLMNPQRSTVWY

Background letter frequencies (from file `/home/yincp/Desktop/Descriptor_Preprocessor/Reports/19082019/PDOC00105/compos_align.txt'):
A 0.06214 C 0.00182 D 0.19331 E 0.00836 F 0.12060 G 0.07304 H 0.06323 I 0.10940 K 0.00037 L 0.06141 M 0.00545 N 0.00436 P 0.07304 Q 0.12170 R 0.00109 S 0.01853 T 0.00945 V 0.06577 W 0.00000 Y 0.00691 

MOTIF 1 DLHAXQIQGFFDIPVD

letter-probability matrix: alength= 20 w= 16 nsites= 172 E= 0
  0.000000	  0.000000	  1.000000	  0.000000	  0.000000	  0.000000	  0.000000	  0.000000	  0.000000	  0.000000	  0.000000	  0.000000	  0.000000	  0.000000	  0.000000	  0.000000	  0.000000	  0.000000	  0.000000	  0.000000	
  0.000000	  0.000000	  0.000000	  0.000000	  0.000000	  0.000000	  0.000000	  0.029070	  0.000000	  0.941860	  0.029070	  0.000000	  0.000000	  0.000000	  0.000000	  0.000000	  0.000000	  0.000000	  0.000000	  0.000000	
  0.000000	  0.000000	  0.000000	  0.000000	  0.000000	  0.000000	  1.000000	  0.000000	  0.000000	  0.000000	  0.000000	  0.000000	  0.000000	  0.000000	  0.000000	  0.000000	  0.000000	  0.000000	  0.000000	  0.000000	
  0.819767	  0.000000	  0.011628	  0.000000	  0.000000	  0.000000	  0.000000	  0.000000	  0.000000	  0.000000	  0.000000	  0.005814	  0.000000	  0.000000	  0.000000	  0.110465	  0.052326	  0.000000	  0.000000	  0.000000	
  0.156977	  0.000000	  0.186047	  0.133721	  0.000000	  0.122093	  0.000000	  0.000000	  0.000000	  0.005814	  0.000000	  0.000000	  0.162791	  0.000000	  0.000000	  0.145349	  0.011628	  0.075581	  0.000000	  0.000000	
  0.000000	  0.000000	  0.000000	  0.000000	  0.000000	  0.000000	  0.000000	  0.000000	  0.000000	  0.000000	  0.000000	  0.000000	  0.000000	  0.994186	  0.000000	  0.005814	  0.000000	  0.000000	  0.000000	  0.000000	
  0.011628	  0.000000	  0.000000	  0.000000	  0.011628	  0.000000	  0.000000	  0.843023	  0.000000	  0.000000	  0.011628	  0.000000	  0.000000	  0.000000	  0.000000	  0.034884	  0.017442	  0.069767	  0.000000	  0.000000	
  0.000000	  0.000000	  0.000000	  0.000000	  0.000000	  0.000000	  0.000000	  0.000000	  0.000000	  0.005814	  0.034884	  0.000000	  0.005814	  0.953488	  0.000000	  0.000000	  0.000000	  0.000000	  0.000000	  0.000000	
  0.005814	  0.000000	  0.000000	  0.000000	  0.000000	  0.994186	  0.000000	  0.000000	  0.000000	  0.000000	  0.000000	  0.000000	  0.000000	  0.000000	  0.000000	  0.000000	  0.000000	  0.000000	  0.000000	  0.000000	
  0.000000	  0.000000	  0.000000	  0.000000	  0.895349	  0.000000	  0.000000	  0.000000	  0.000000	  0.000000	  0.000000	  0.000000	  0.000000	  0.000000	  0.000000	  0.000000	  0.000000	  0.000000	  0.000000	  0.104651	
  0.000000	  0.000000	  0.000000	  0.000000	  1.000000	  0.000000	  0.000000	  0.000000	  0.000000	  0.000000	  0.000000	  0.000000	  0.000000	  0.000000	  0.000000	  0.000000	  0.000000	  0.000000	  0.000000	  0.000000	
  0.000000	  0.000000	  0.895349	  0.000000	  0.000000	  0.000000	  0.011628	  0.000000	  0.000000	  0.000000	  0.000000	  0.063953	  0.000000	  0.000000	  0.011628	  0.000000	  0.011628	  0.000000	  0.000000	  0.005814	
  0.000000	  0.000000	  0.000000	  0.000000	  0.000000	  0.052326	  0.000000	  0.732558	  0.005814	  0.000000	  0.011628	  0.000000	  0.000000	  0.000000	  0.005814	  0.000000	  0.000000	  0.191860	  0.000000	  0.000000	
  0.000000	  0.000000	  0.000000	  0.000000	  0.000000	  0.000000	  0.000000	  0.000000	  0.000000	  0.000000	  0.000000	  0.000000	  1.000000	  0.000000	  0.000000	  0.000000	  0.000000	  0.000000	  0.000000	  0.000000	
  0.000000	  0.029070	  0.000000	  0.000000	  0.023256	  0.000000	  0.000000	  0.145349	  0.000000	  0.029070	  0.000000	  0.000000	  0.000000	  0.000000	  0.000000	  0.000000	  0.058140	  0.715116	  0.000000	  0.000000	
  0.000000	  0.000000	  1.000000	  0.000000	  0.000000	  0.000000	  0.000000	  0.000000	  0.000000	  0.000000	  0.000000	  0.000000	  0.000000	  0.000000	  0.000000	  0.000000	  0.000000	  0.000000	  0.000000	  0.000000	

