MEME version 4

ALPHABET= ACDEFGHIKLMNPQRSTVWY

Background letter frequencies
A 0.0826 C 0.0138 D 0.0546 E 0.0673 F 0.0387 G 0.0708 H 0.0228 I 0.0592 K 0.0582 L 0.0966 
M 0.0242 N 0.0406 P 0.0473 Q 0.0393 R 0.0554 S 0.0663 T 0.0536 V 0.0687 W 0.011 
Y 0.0292 

MOTIF MEME-1
letter-probability matrix: alength= 20 w= 50 nsites= 208 E= 0.000
0.019231 0.000000 0.000000 0.000000 0.004808 0.000000 0.000000 0.091346 0.000000 0.062500 0.028846 0.000000 0.000000 0.000000 0.000000 0.004808 0.019231 0.769231 0.000000 0.000000 
0.908654 0.000000 0.000000 0.000000 0.004808 0.009615 0.000000 0.000000 0.076923 0.000000 0.000000 0.000000 0.000000 0.000000 0.000000 0.000000 0.000000 0.000000 0.000000 0.000000 
0.000000 0.000000 0.250000 0.004808 0.000000 0.000000 0.009615 0.000000 0.024038 0.000000 0.000000 0.567308 0.000000 0.000000 0.086538 0.052885 0.004808 0.000000 0.000000 0.000000 
0.000000 0.000000 0.000000 0.000000 0.177885 0.000000 0.000000 0.004808 0.000000 0.442308 0.375000 0.000000 0.000000 0.000000 0.000000 0.000000 0.000000 0.000000 0.000000 0.000000 
0.038462 0.000000 0.000000 0.000000 0.009615 0.000000 0.000000 0.293269 0.000000 0.543269 0.067308 0.000000 0.000000 0.000000 0.000000 0.048077 0.000000 0.000000 0.000000 0.000000 
0.028846 0.043269 0.086538 0.221154 0.000000 0.000000 0.004808 0.000000 0.033654 0.004808 0.009615 0.000000 0.000000 0.091346 0.000000 0.197115 0.206731 0.062500 0.000000 0.009615 
0.072115 0.004808 0.000000 0.076923 0.000000 0.091346 0.000000 0.019231 0.158654 0.000000 0.004808 0.019231 0.000000 0.028846 0.038462 0.105769 0.201923 0.177885 0.000000 0.000000 
0.692308 0.000000 0.004808 0.086538 0.000000 0.000000 0.000000 0.019231 0.000000 0.000000 0.009615 0.000000 0.000000 0.000000 0.000000 0.048077 0.000000 0.139423 0.000000 0.000000 
0.000000 0.000000 0.000000 0.009615 0.000000 0.899038 0.000000 0.086538 0.000000 0.000000 0.000000 0.000000 0.000000 0.000000 0.004808 0.000000 0.000000 0.000000 0.000000 0.000000 
0.466346 0.019231 0.000000 0.000000 0.004808 0.000000 0.000000 0.105769 0.000000 0.062500 0.000000 0.009615 0.000000 0.048077 0.000000 0.004808 0.000000 0.250000 0.000000 0.028846 
0.000000 0.000000 0.576923 0.019231 0.000000 0.000000 0.009615 0.048077 0.000000 0.000000 0.000000 0.091346 0.000000 0.004808 0.004808 0.038462 0.168269 0.038462 0.000000 0.000000 
0.000000 0.000000 0.000000 0.009615 0.000000 0.000000 0.168269 0.000000 0.004808 0.000000 0.000000 0.048077 0.000000 0.028846 0.735577 0.004808 0.000000 0.000000 0.000000 0.000000 
0.000000 0.000000 0.000000 0.000000 0.009615 0.000000 0.000000 0.264423 0.000000 0.144231 0.076923 0.000000 0.000000 0.000000 0.000000 0.000000 0.000000 0.504808 0.000000 0.000000 
0.009615 0.000000 0.000000 0.052885 0.000000 0.004808 0.000000 0.346154 0.004808 0.461538 0.014423 0.004808 0.000000 0.019231 0.000000 0.000000 0.000000 0.081731 0.000000 0.000000 
0.134615 0.004808 0.000000 0.086538 0.000000 0.000000 0.000000 0.000000 0.000000 0.009615 0.000000 0.000000 0.000000 0.000000 0.000000 0.024038 0.721154 0.019231 0.000000 0.000000 
0.000000 0.052885 0.000000 0.000000 0.009615 0.000000 0.000000 0.043269 0.000000 0.211538 0.341346 0.000000 0.000000 0.000000 0.000000 0.076923 0.019231 0.240385 0.004808 0.000000 
0.000000 0.000000 0.894231 0.000000 0.000000 0.000000 0.000000 0.048077 0.000000 0.000000 0.000000 0.009615 0.000000 0.000000 0.000000 0.000000 0.009615 0.038462 0.000000 0.000000 
0.000000 0.000000 0.000000 0.000000 0.000000 0.000000 0.000000 0.028846 0.000000 0.860577 0.024038 0.000000 0.000000 0.000000 0.086538 0.000000 0.000000 0.000000 0.000000 0.000000 
0.000000 0.000000 0.000000 0.004808 0.000000 0.086538 0.908654 0.000000 0.000000 0.000000 0.000000 0.000000 0.000000 0.000000 0.000000 0.000000 0.000000 0.000000 0.000000 0.000000 
0.682692 0.076923 0.009615 0.009615 0.000000 0.000000 0.009615 0.000000 0.000000 0.000000 0.000000 0.004808 0.000000 0.052885 0.000000 0.110577 0.043269 0.000000 0.000000 0.000000 
0.129808 0.000000 0.240385 0.110577 0.000000 0.100962 0.000000 0.000000 0.057692 0.004808 0.000000 0.004808 0.149038 0.000000 0.000000 0.129808 0.009615 0.062500 0.000000 0.000000 
0.000000 0.009615 0.000000 0.052885 0.000000 0.000000 0.000000 0.004808 0.000000 0.000000 0.000000 0.000000 0.000000 0.846154 0.000000 0.004808 0.004808 0.076923 0.000000 0.000000 
0.009615 0.000000 0.000000 0.000000 0.096154 0.000000 0.000000 0.764423 0.000000 0.004808 0.009615 0.000000 0.000000 0.000000 0.000000 0.028846 0.014423 0.072115 0.000000 0.000000 
0.000000 0.000000 0.000000 0.000000 0.000000 0.000000 0.009615 0.057692 0.000000 0.038462 0.028846 0.000000 0.004808 0.855769 0.000000 0.004808 0.000000 0.000000 0.000000 0.000000 
0.004808 0.000000 0.004808 0.004808 0.000000 0.899038 0.000000 0.052885 0.000000 0.000000 0.000000 0.000000 0.000000 0.000000 0.000000 0.000000 0.000000 0.033654 0.000000 0.000000 
0.000000 0.000000 0.000000 0.000000 0.826923 0.000000 0.000000 0.000000 0.000000 0.000000 0.000000 0.000000 0.000000 0.086538 0.000000 0.000000 0.000000 0.000000 0.000000 0.086538 
0.000000 0.000000 0.000000 0.000000 0.913462 0.000000 0.000000 0.000000 0.000000 0.000000 0.000000 0.000000 0.086538 0.000000 0.000000 0.000000 0.000000 0.000000 0.000000 0.000000 
0.000000 0.004808 0.750000 0.000000 0.000000 0.000000 0.009615 0.000000 0.004808 0.000000 0.000000 0.096154 0.000000 0.000000 0.014423 0.019231 0.096154 0.000000 0.000000 0.004808 
0.000000 0.028846 0.000000 0.000000 0.019231 0.043269 0.000000 0.658654 0.004808 0.000000 0.009615 0.000000 0.000000 0.000000 0.004808 0.057692 0.000000 0.173077 0.000000 0.000000 
0.000000 0.000000 0.000000 0.000000 0.000000 0.000000 0.000000 0.000000 0.000000 0.000000 0.000000 0.009615 0.942308 0.000000 0.000000 0.004808 0.004808 0.000000 0.000000 0.038462 
0.000000 0.024038 0.000000 0.000000 0.019231 0.000000 0.000000 0.120192 0.000000 0.024038 0.000000 0.000000 0.086538 0.000000 0.000000 0.000000 0.052885 0.673077 0.000000 0.000000 
0.019231 0.000000 0.894231 0.009615 0.000000 0.000000 0.000000 0.000000 0.000000 0.000000 0.000000 0.000000 0.000000 0.000000 0.004808 0.000000 0.009615 0.062500 0.000000 0.000000 
0.000000 0.000000 0.004808 0.004808 0.000000 0.000000 0.355769 0.000000 0.000000 0.000000 0.000000 0.615385 0.000000 0.004808 0.000000 0.009615 0.004808 0.000000 0.000000 0.000000 
0.000000 0.000000 0.000000 0.038462 0.000000 0.000000 0.000000 0.105769 0.000000 0.658654 0.038462 0.000000 0.000000 0.000000 0.000000 0.000000 0.000000 0.158654 0.000000 0.000000 
0.000000 0.000000 0.000000 0.009615 0.192308 0.000000 0.076923 0.000000 0.004808 0.024038 0.139423 0.062500 0.000000 0.009615 0.081731 0.028846 0.004808 0.004808 0.009615 0.350962 
0.375000 0.019231 0.000000 0.000000 0.009615 0.403846 0.000000 0.000000 0.000000 0.086538 0.000000 0.000000 0.009615 0.000000 0.000000 0.024038 0.072115 0.000000 0.000000 0.000000 
0.100962 0.000000 0.004808 0.115385 0.004808 0.028846 0.000000 0.019231 0.004808 0.019231 0.120192 0.000000 0.000000 0.057692 0.004808 0.264423 0.052885 0.187500 0.000000 0.014423 
0.000000 0.000000 0.000000 0.086538 0.000000 0.004808 0.009615 0.028846 0.004808 0.014423 0.000000 0.019231 0.769231 0.000000 0.038462 0.000000 0.004808 0.009615 0.004808 0.004808 
0.072115 0.000000 0.000000 0.004808 0.052885 0.000000 0.000000 0.240385 0.000000 0.341346 0.000000 0.004808 0.000000 0.004808 0.000000 0.028846 0.009615 0.240385 0.000000 0.000000 
0.009615 0.000000 0.000000 0.000000 0.125000 0.000000 0.000000 0.153846 0.000000 0.581731 0.033654 0.000000 0.000000 0.000000 0.000000 0.000000 0.000000 0.096154 0.000000 0.000000 
0.293269 0.000000 0.000000 0.004808 0.004808 0.028846 0.000000 0.115385 0.004808 0.346154 0.009615 0.009615 0.000000 0.004808 0.019231 0.052885 0.028846 0.072115 0.000000 0.004808 
0.028846 0.000000 0.274038 0.182692 0.004808 0.043269 0.019231 0.000000 0.134615 0.004808 0.086538 0.033654 0.000000 0.120192 0.052885 0.009615 0.004808 0.000000 0.000000 0.000000 
0.000000 0.000000 0.235577 0.014423 0.004808 0.000000 0.105769 0.081731 0.004808 0.000000 0.000000 0.000000 0.000000 0.000000 0.033654 0.000000 0.000000 0.004808 0.081731 0.432692 
0.000000 0.000000 0.086538 0.000000 0.216346 0.000000 0.000000 0.370192 0.000000 0.110577 0.086538 0.000000 0.000000 0.000000 0.000000 0.000000 0.004808 0.057692 0.000000 0.067308 
0.134615 0.009615 0.038462 0.081731 0.004808 0.014423 0.009615 0.028846 0.173077 0.086538 0.004808 0.019231 0.000000 0.067308 0.192308 0.062500 0.014423 0.019231 0.038462 0.000000 
0.057692 0.076923 0.096154 0.245192 0.009615 0.004808 0.009615 0.004808 0.105769 0.014423 0.000000 0.043269 0.000000 0.086538 0.110577 0.086538 0.048077 0.000000 0.000000 0.000000 
0.024038 0.004808 0.048077 0.062500 0.000000 0.000000 0.067308 0.004808 0.283654 0.086538 0.004808 0.158654 0.000000 0.086538 0.149038 0.004808 0.004808 0.000000 0.000000 0.009615 
0.019231 0.000000 0.038462 0.028846 0.024038 0.168269 0.038462 0.158654 0.038462 0.014423 0.004808 0.086538 0.043269 0.019231 0.120192 0.019231 0.028846 0.033654 0.000000 0.115385 
0.110577 0.000000 0.086538 0.014423 0.067308 0.052885 0.009615 0.072115 0.028846 0.298077 0.014423 0.052885 0.120192 0.004808 0.000000 0.033654 0.009615 0.009615 0.000000 0.014423 
0.024038 0.014423 0.158654 0.163462 0.014423 0.052885 0.009615 0.052885 0.072115 0.052885 0.014423 0.043269 0.019231 0.014423 0.009615 0.158654 0.057692 0.052885 0.000000 0.014423 

