4 0 0 0 1 0 0 13 0 2 6 0 0 1 0 1 4 141 0 0 
170 0 0 0 1 1 0 0 1 0 0 0 0 0 0 0 0 0 0 0 
0 0 48 1 1 0 1 0 5 0 0 115 0 0 1 0 1 0 0 0 
0 0 0 0 21 0 0 1 0 85 66 0 0 0 0 0 0 0 0 0 
1 0 1 0 2 0 0 57 0 106 6 0 0 0 0 0 0 0 0 0 
2 2 1 42 0 0 1 1 7 1 2 0 0 16 0 41 43 12 0 2 
12 1 0 15 0 2 0 4 21 0 1 4 1 6 8 21 41 36 0 0 
127 0 1 1 0 0 0 4 0 0 2 0 0 0 0 9 0 29 0 0 
0 0 1 2 0 168 0 1 0 0 0 0 0 0 1 0 0 0 0 0 
92 4 0 0 1 0 0 21 0 1 0 1 0 0 0 1 0 51 0 1 
0 0 114 4 0 0 2 0 0 0 0 18 0 1 1 7 24 2 0 0 
0 0 0 0 0 0 24 0 0 0 0 0 0 1 146 1 0 0 0 1 
1 0 0 0 0 0 0 37 0 19 16 0 0 0 0 0 0 100 0 0 
2 0 0 1 0 0 0 57 0 93 3 0 0 0 0 0 1 16 0 0 
27 1 0 1 0 0 0 0 0 2 0 0 1 0 0 4 134 3 0 0 
0 11 0 0 1 0 0 9 0 45 55 0 0 0 0 1 2 48 1 0 
0 0 171 0 0 0 0 0 0 1 0 0 0 0 0 0 0 1 0 0 
0 0 0 0 0 0 0 5 0 162 5 0 0 0 1 0 0 0 0 0 
0 0 1 0 0 1 171 0 0 0 0 0 0 0 0 0 0 0 0 0 
140 1 3 0 0 0 0 0 0 0 0 1 0 0 0 19 9 0 0 0 
27 0 32 23 0 21 0 0 0 2 0 0 28 0 0 25 2 13 0 0 
0 0 0 0 0 0 0 0 0 0 0 0 0 171 0 1 0 1 0 0 
2 0 0 0 3 0 0 144 0 0 2 0 0 0 1 6 3 12 0 0 
0 0 0 0 0 0 0 1 0 1 6 0 1 164 0 0 0 0 0 0 
1 0 0 0 0 171 0 1 0 0 0 0 0 0 0 0 0 0 0 0 
0 0 0 0 153 0 1 0 0 0 0 0 0 1 0 0 0 0 0 18 
0 0 0 1 171 0 0 0 0 0 0 0 1 0 0 0 0 0 0 0 
0 0 154 0 0 0 2 0 0 0 0 12 0 0 1 0 3 0 0 1 
0 0 0 0 0 9 0 127 1 0 2 0 0 0 1 1 0 32 0 0 
0 0 0 0 0 0 0 0 0 0 0 0 172 0 0 0 1 0 0 0 
0 5 0 0 4 0 0 25 0 5 0 0 1 0 0 0 10 123 0 0 
1 0 171 0 0 0 0 0 0 0 0 0 0 0 0 0 0 1 0 0 
0 0 1 0 0 0 71 0 0 0 0 96 0 1 0 3 1 0 0 0 
0 0 0 1 0 0 0 21 0 110 8 0 1 0 0 0 0 32 0 0 
0 0 1 2 40 0 4 0 1 5 29 6 0 2 6 3 0 1 2 71 
61 4 0 0 1 84 0 0 0 1 0 0 2 0 0 5 14 1 0 0 
20 0 0 22 1 7 0 3 1 3 6 0 0 12 1 44 11 39 0 3 
0 0 0 1 0 1 2 6 1 3 0 4 144 0 7 0 1 1 1 1 
14 0 0 0 0 0 0 50 0 51 0 1 0 1 0 6 2 48 0 0 
2 0 0 0 24 0 0 29 0 90 7 0 0 0 0 0 0 21 0 0 
57 0 0 1 1 6 0 9 1 61 2 2 0 1 5 10 6 11 0 0 
6 0 56 35 1 9 4 0 26 1 1 7 0 13 11 2 1 0 0 0 
0 0 49 3 1 0 19 1 1 0 0 0 0 0 8 0 0 0 17 74 
1 0 1 0 43 0 0 61 0 23 18 0 0 0 0 0 1 11 0 14 
11 2 7 16 2 3 2 6 34 18 1 3 0 3 38 12 3 4 8 0 
13 1 20 39 0 1 2 1 18 2 0 9 0 17 23 18 9 0 0 0 
5 0 10 2 0 0 13 1 46 17 1 32 0 18 25 1 1 0 0 1 
4 0 6 6 5 35 8 21 6 4 1 18 9 4 8 4 6 5 0 23 
6 0 16 3 14 11 2 14 4 62 3 11 13 1 0 7 2 1 0 3 
5 3 25 33 3 11 1 11 15 10 3 5 3 3 2 15 11 11 0 3 
