MEME version 4

ALPHABET= ACDEFGHIKLMNPQRSTVWY

Background letter frequencies
A 0.0826 C 0.0138 D 0.0546 E 0.0673 F 0.0387 G 0.0708 H 0.0228 I 0.0592 K 0.0582 L 0.0966 
M 0.0242 N 0.0406 P 0.0473 Q 0.0393 R 0.0554 S 0.0663 T 0.0536 V 0.0687 W 0.011 
Y 0.0292 

MOTIF MEME-1
letter-probability matrix: alength= 20 w= 30 nsites= 19124 E= 0.000
0.101286 0.003190 0.054539 0.084240 0.011818 0.058095 0.015269 0.015739 0.150282 0.046120 0.038538 0.027609 0.093391 0.049833 0.089103 0.064840 0.054539 0.020393 0.002092 0.019086 
0.025570 0.009674 0.016419 0.029126 0.007844 0.355417 0.020027 0.027348 0.093443 0.105679 0.010929 0.047846 0.091770 0.015949 0.026930 0.043506 0.020968 0.022537 0.002092 0.026930 
0.056735 0.003869 0.065206 0.113784 0.031531 0.112006 0.011086 0.049257 0.097521 0.056526 0.014171 0.055898 0.069494 0.053598 0.064631 0.071690 0.020759 0.034250 0.001412 0.016576 
0.019975 0.014380 0.032420 0.032054 0.081416 0.040577 0.061703 0.100345 0.130569 0.058879 0.019295 0.072108 0.040107 0.010563 0.052029 0.028289 0.061337 0.117287 0.011765 0.014903 
0.034930 0.009987 0.000000 0.000941 0.032472 0.001621 0.012027 0.253765 0.000157 0.156766 0.014798 0.017308 0.011347 0.019504 0.001307 0.013177 0.089678 0.309402 0.001516 0.019295 
0.249111 0.024681 0.000105 0.000366 0.061755 0.161682 0.003556 0.053702 0.000366 0.189552 0.018563 0.000314 0.000261 0.004131 0.000575 0.032995 0.051088 0.128111 0.007948 0.011138 
0.010040 0.003922 0.000000 0.000000 0.116607 0.000000 0.000000 0.280172 0.000000 0.443788 0.028969 0.000000 0.000000 0.000000 0.000000 0.000000 0.003347 0.112947 0.000000 0.000209 
0.063533 0.014537 0.008837 0.028551 0.099404 0.021125 0.011974 0.174127 0.002876 0.119536 0.025727 0.001673 0.008942 0.006432 0.004183 0.035348 0.058617 0.229345 0.004602 0.080632 
0.000000 0.000000 0.000000 0.000000 0.000000 1.000000 0.000000 0.000000 0.000000 0.000000 0.000000 0.000000 0.000000 0.000000 0.000000 0.000000 0.000000 0.000000 0.000000 0.000000 
0.054173 0.002458 0.030067 0.057206 0.013177 0.101966 0.017831 0.012968 0.049153 0.075298 0.026407 0.008837 0.294238 0.030015 0.141550 0.029230 0.010353 0.033361 0.000575 0.011138 
0.073890 0.000209 0.018303 0.015426 0.009360 0.037442 0.000837 0.006014 0.002039 0.002772 0.013439 0.098259 0.281546 0.007739 0.011714 0.259740 0.123098 0.036762 0.000105 0.001307 
0.000000 0.000000 0.000000 0.000000 0.000000 0.803441 0.000000 0.000000 0.000000 0.000000 0.000000 0.196559 0.000000 0.000000 0.000000 0.000000 0.000000 0.000000 0.000000 0.000000 
0.218887 0.080998 0.000157 0.000994 0.001360 0.008576 0.000471 0.020498 0.000575 0.069494 0.003085 0.003242 0.000000 0.003399 0.000366 0.233163 0.094855 0.259569 0.000000 0.000314 
0.000000 0.000000 0.000000 0.000000 0.000000 1.000000 0.000000 0.000000 0.000000 0.000000 0.000000 0.000000 0.000000 0.000000 0.000000 0.000000 0.000000 0.000000 0.000000 0.000000 
0.000000 0.000000 0.000000 0.000000 0.000000 0.000000 0.000000 0.000000 1.000000 0.000000 0.000000 0.000000 0.000000 0.000000 0.000000 0.000000 0.000000 0.000000 0.000000 0.000000 
0.000000 0.000000 0.000000 0.000000 0.000000 0.000000 0.000000 0.000000 0.000000 0.000000 0.000000 0.000000 0.000000 0.000000 0.000000 0.514223 0.485777 0.000000 0.000000 0.000000 
0.044970 0.008994 0.000000 0.000000 0.021230 0.000000 0.034198 0.000000 0.000000 0.067141 0.010667 0.015112 0.000000 0.000000 0.000000 0.175486 0.522223 0.084292 0.000000 0.015687 
0.038904 0.007111 0.001150 0.000000 0.061912 0.000000 0.002562 0.099927 0.000000 0.578645 0.016837 0.017465 0.000000 0.013439 0.000366 0.010615 0.082462 0.064213 0.000000 0.004392 
0.181447 0.009360 0.000000 0.000261 0.042251 0.034616 0.000575 0.177682 0.000209 0.274786 0.083455 0.000105 0.000052 0.005700 0.004915 0.056369 0.043924 0.082723 0.001360 0.000209 
0.060709 0.006745 0.019400 0.056108 0.011190 0.014014 0.049519 0.011347 0.106463 0.029126 0.052343 0.241477 0.006641 0.092136 0.150910 0.054487 0.022223 0.008105 0.000837 0.006223 
0.220613 0.026197 0.022851 0.067768 0.005961 0.028917 0.020236 0.078749 0.039479 0.085652 0.032159 0.032525 0.000523 0.050617 0.078854 0.069442 0.079324 0.045806 0.005543 0.008785 
0.015792 0.003922 0.000052 0.001098 0.057624 0.000471 0.003190 0.230391 0.000418 0.469985 0.036289 0.000105 0.014798 0.001464 0.000209 0.002039 0.018615 0.132661 0.002458 0.008419 
0.300983 0.026511 0.005020 0.024472 0.021648 0.057519 0.007007 0.117758 0.017674 0.112790 0.018668 0.057833 0.006693 0.009517 0.008419 0.074932 0.065572 0.050565 0.001255 0.015164 
0.059663 0.007111 0.035505 0.045336 0.011818 0.239542 0.033466 0.007059 0.074409 0.034407 0.005124 0.130203 0.012916 0.053179 0.159695 0.025518 0.030381 0.009517 0.005072 0.020079 
0.107091 0.002301 0.032159 0.146622 0.045754 0.022171 0.020968 0.035767 0.048787 0.153524 0.035087 0.074148 0.003190 0.058304 0.077233 0.042617 0.031008 0.020655 0.008680 0.033936 
0.043612 0.007739 0.047168 0.090676 0.029546 0.027506 0.016420 0.101553 0.075668 0.259217 0.044188 0.029127 0.005805 0.017466 0.048999 0.025780 0.033834 0.045233 0.006171 0.044292 
0.113470 0.004863 0.082148 0.053022 0.041048 0.095587 0.021439 0.057206 0.059036 0.046904 0.008732 0.071219 0.063899 0.043872 0.090619 0.045336 0.037231 0.043140 0.001621 0.019609 
0.132294 0.010353 0.025936 0.048316 0.021125 0.058356 0.009046 0.028498 0.109444 0.081677 0.017204 0.019504 0.122255 0.036969 0.049780 0.050199 0.030328 0.125340 0.003085 0.020289 
0.071690 0.009778 0.087168 0.075193 0.007059 0.035348 0.018825 0.123091 0.065258 0.049780 0.009203 0.057153 0.079586 0.038015 0.060395 0.064265 0.082619 0.054330 0.000889 0.010353 
0.084972 0.005229 0.046225 0.054696 0.108084 0.088528 0.059506 0.038224 0.039688 0.043087 0.009569 0.029753 0.017622 0.019975 0.043349 0.091665 0.063428 0.123928 0.001987 0.030485 

