MEME version 4

ALPHABET= ACDEFGHIKLMNPQRSTVWY

Background letter frequencies (from file `/home/yincp/Desktop/Descriptor_Preprocessor/Reports/19082019/PDOC00706/compos_align.txt'):
A 0.13571 C 0.00905 D 0.07869 E 0.01106 F 0.01182 G 0.10931 H 0.00704 I 0.07316 K 0.07165 L 0.18102 M 0.02665 N 0.01257 P 0.03670 Q 0.03545 R 0.00880 S 0.02288 T 0.01282 V 0.08774 W 0.04349 Y 0.02438 

MOTIF 1 AIXGVDXALWDJKGKVXGXPVYZLLG

letter-probability matrix: alength= 20 w= 26 nsites= 153 E= 0
  0.732026	  0.000000	  0.000000	  0.000000	  0.000000	  0.000000	  0.000000	  0.000000	  0.000000	  0.000000	  0.000000	  0.000000	  0.000000	  0.000000	  0.000000	  0.000000	  0.267974	  0.000000	  0.000000	  0.000000	
  0.006536	  0.000000	  0.000000	  0.000000	  0.006536	  0.000000	  0.000000	  0.771242	  0.071895	  0.098039	  0.000000	  0.000000	  0.000000	  0.000000	  0.013072	  0.000000	  0.000000	  0.032680	  0.000000	  0.000000	
  0.483660	  0.006536	  0.000000	  0.000000	  0.000000	  0.019608	  0.000000	  0.000000	  0.000000	  0.000000	  0.000000	  0.006536	  0.000000	  0.000000	  0.000000	  0.483660	  0.000000	  0.000000	  0.000000	  0.000000	
  0.248366	  0.215686	  0.000000	  0.000000	  0.000000	  0.535948	  0.000000	  0.000000	  0.000000	  0.000000	  0.000000	  0.000000	  0.000000	  0.000000	  0.000000	  0.000000	  0.000000	  0.000000	  0.000000	  0.000000	
  0.000000	  0.000000	  0.000000	  0.000000	  0.000000	  0.000000	  0.000000	  0.392157	  0.000000	  0.032680	  0.000000	  0.000000	  0.000000	  0.000000	  0.000000	  0.000000	  0.000000	  0.575163	  0.000000	  0.000000	
  0.000000	  0.000000	  0.954248	  0.039216	  0.000000	  0.000000	  0.000000	  0.000000	  0.000000	  0.000000	  0.000000	  0.000000	  0.000000	  0.006536	  0.000000	  0.000000	  0.000000	  0.000000	  0.000000	  0.000000	
  0.006536	  0.006536	  0.000000	  0.006536	  0.000000	  0.000000	  0.000000	  0.032680	  0.000000	  0.307190	  0.248366	  0.000000	  0.000000	  0.300654	  0.000000	  0.006536	  0.039216	  0.045752	  0.000000	  0.000000	
  1.000000	  0.000000	  0.000000	  0.000000	  0.000000	  0.000000	  0.000000	  0.000000	  0.000000	  0.000000	  0.000000	  0.000000	  0.000000	  0.000000	  0.000000	  0.000000	  0.000000	  0.000000	  0.000000	  0.000000	
  0.006536	  0.000000	  0.000000	  0.000000	  0.000000	  0.000000	  0.000000	  0.000000	  0.000000	  0.993464	  0.000000	  0.000000	  0.000000	  0.000000	  0.000000	  0.000000	  0.000000	  0.000000	  0.000000	  0.000000	
  0.000000	  0.000000	  0.000000	  0.000000	  0.006536	  0.000000	  0.032680	  0.000000	  0.000000	  0.039216	  0.000000	  0.000000	  0.000000	  0.000000	  0.000000	  0.000000	  0.000000	  0.000000	  0.908497	  0.013072	
  0.000000	  0.000000	  0.993464	  0.006536	  0.000000	  0.000000	  0.000000	  0.000000	  0.000000	  0.000000	  0.000000	  0.000000	  0.000000	  0.000000	  0.000000	  0.000000	  0.000000	  0.000000	  0.000000	  0.000000	
  0.039216	  0.000000	  0.000000	  0.000000	  0.000000	  0.000000	  0.000000	  0.588235	  0.000000	  0.372549	  0.000000	  0.000000	  0.000000	  0.000000	  0.000000	  0.000000	  0.000000	  0.000000	  0.000000	  0.000000	
  0.013072	  0.000000	  0.000000	  0.000000	  0.215686	  0.000000	  0.006536	  0.000000	  0.601307	  0.111111	  0.006536	  0.000000	  0.000000	  0.019608	  0.006536	  0.000000	  0.000000	  0.006536	  0.006536	  0.006536	
  0.254902	  0.000000	  0.000000	  0.000000	  0.000000	  0.745098	  0.000000	  0.000000	  0.000000	  0.000000	  0.000000	  0.000000	  0.000000	  0.000000	  0.000000	  0.000000	  0.000000	  0.000000	  0.000000	  0.000000	
  0.000000	  0.000000	  0.000000	  0.000000	  0.000000	  0.000000	  0.000000	  0.000000	  0.915033	  0.000000	  0.000000	  0.000000	  0.000000	  0.032680	  0.052288	  0.000000	  0.000000	  0.000000	  0.000000	  0.000000	
  0.156863	  0.000000	  0.000000	  0.013072	  0.000000	  0.000000	  0.006536	  0.045752	  0.000000	  0.117647	  0.013072	  0.000000	  0.000000	  0.019608	  0.045752	  0.013072	  0.013072	  0.549020	  0.006536	  0.000000	
  0.287582	  0.000000	  0.000000	  0.000000	  0.000000	  0.000000	  0.006536	  0.000000	  0.000000	  0.372549	  0.000000	  0.000000	  0.000000	  0.006536	  0.091503	  0.000000	  0.000000	  0.222222	  0.000000	  0.013072	
  0.000000	  0.000000	  0.045752	  0.006536	  0.000000	  0.542484	  0.000000	  0.000000	  0.045752	  0.000000	  0.000000	  0.320261	  0.000000	  0.019608	  0.019608	  0.000000	  0.000000	  0.000000	  0.000000	  0.000000	
  0.228758	  0.000000	  0.000000	  0.084967	  0.000000	  0.000000	  0.000000	  0.000000	  0.000000	  0.320261	  0.215686	  0.000000	  0.000000	  0.006536	  0.000000	  0.006536	  0.006536	  0.130719	  0.000000	  0.000000	
  0.006536	  0.000000	  0.000000	  0.000000	  0.000000	  0.000000	  0.000000	  0.000000	  0.000000	  0.000000	  0.000000	  0.000000	  0.954248	  0.000000	  0.000000	  0.039216	  0.000000	  0.000000	  0.000000	  0.000000	
  0.000000	  0.000000	  0.000000	  0.000000	  0.000000	  0.000000	  0.000000	  0.039216	  0.000000	  0.254902	  0.000000	  0.000000	  0.000000	  0.000000	  0.000000	  0.000000	  0.000000	  0.705882	  0.000000	  0.000000	
  0.032680	  0.006536	  0.000000	  0.000000	  0.000000	  0.000000	  0.104575	  0.000000	  0.000000	  0.000000	  0.000000	  0.000000	  0.000000	  0.000000	  0.000000	  0.039216	  0.000000	  0.006536	  0.209150	  0.601307	
  0.026144	  0.000000	  0.052288	  0.130719	  0.000000	  0.000000	  0.026144	  0.000000	  0.228758	  0.000000	  0.006536	  0.000000	  0.000000	  0.509804	  0.000000	  0.006536	  0.006536	  0.006536	  0.000000	  0.000000	
  0.000000	  0.000000	  0.000000	  0.000000	  0.000000	  0.000000	  0.000000	  0.000000	  0.000000	  1.000000	  0.000000	  0.000000	  0.000000	  0.000000	  0.000000	  0.000000	  0.000000	  0.000000	  0.000000	  0.000000	
  0.000000	  0.000000	  0.000000	  0.000000	  0.078431	  0.000000	  0.000000	  0.032680	  0.000000	  0.686275	  0.202614	  0.000000	  0.000000	  0.000000	  0.000000	  0.000000	  0.000000	  0.000000	  0.000000	  0.000000	
  0.000000	  0.000000	  0.000000	  0.000000	  0.000000	  1.000000	  0.000000	  0.000000	  0.000000	  0.000000	  0.000000	  0.000000	  0.000000	  0.000000	  0.000000	  0.000000	  0.000000	  0.000000	  0.000000	  0.000000	

