25 2 1 1 1 52 2 4 4 18 0 2 0 1 10 9 2 0 0 33 
0 0 1 1 46 1 1 2 0 7 5 1 3 0 0 0 0 1 9 89 
7 0 5 2 1 2 1 3 0 9 2 0 0 1 2 31 0 1 41 59 
3 0 0 0 9 51 1 0 3 0 0 1 1 1 93 1 0 1 1 1 
6 1 0 0 0 49 0 0 1 14 0 17 0 1 36 35 1 2 3 1 
3 0 0 0 3 120 0 3 22 0 0 0 0 0 3 1 4 8 0 0 
13 0 0 1 1 50 0 2 2 4 0 1 75 1 0 2 5 10 0 0 
3 0 0 11 0 11 0 58 0 40 0 1 1 0 0 0 0 41 0 1 
6 0 0 0 1 4 0 7 0 39 15 11 0 0 2 5 30 47 0 0 
3 0 9 0 0 4 3 2 0 14 101 18 2 2 4 0 2 2 0 1 
5 1 3 9 6 0 0 0 1 0 1 67 1 0 1 61 10 1 0 0 
113 0 0 0 0 10 0 0 0 0 0 0 0 0 0 0 44 0 0 0 
4 0 1 0 1 0 0 125 11 17 0 0 0 0 2 0 0 6 0 0 
75 1 0 0 0 3 0 2 1 0 0 1 0 0 3 73 7 0 0 1 
38 33 3 1 0 91 0 0 0 0 0 0 0 0 0 1 0 0 0 0 
0 0 1 0 0 0 0 63 0 7 0 0 0 0 0 0 0 87 9 0 
0 0 148 6 0 10 0 1 1 0 0 0 0 1 0 0 0 0 0 0 
1 2 0 10 0 0 0 5 0 47 37 0 0 47 0 4 7 7 0 0 
156 0 0 0 0 0 0 0 0 1 0 0 9 0 1 0 0 0 0 0 
1 0 0 0 0 0 0 0 0 156 0 0 0 0 0 0 1 9 0 0 
0 0 1 3 2 0 5 9 0 6 0 0 0 0 0 0 0 1 138 2 
0 0 152 10 0 0 1 0 0 0 3 0 0 1 0 0 0 0 0 0 
6 0 0 0 0 9 0 92 0 57 1 0 0 1 0 0 0 0 0 1 
3 0 0 3 33 0 2 0 91 17 1 0 0 3 10 1 0 1 1 1 
50 0 0 0 0 114 0 0 0 0 0 0 1 0 0 1 1 0 0 0 
0 0 0 0 0 0 0 0 140 0 1 0 0 5 20 0 0 0 0 1 
26 0 0 2 0 0 1 7 0 18 2 0 0 3 10 9 3 84 2 0 
43 0 0 0 0 0 4 0 0 57 0 0 0 1 15 0 0 45 0 2 
0 0 7 9 0 83 0 0 7 0 0 52 0 4 3 2 0 0 0 0 
44 0 0 14 0 1 0 0 0 50 32 0 0 1 3 1 1 20 0 0 
10 0 0 0 3 0 0 0 0 0 0 0 147 0 0 6 0 1 0 0 
0 0 0 0 0 0 0 6 3 39 0 0 0 0 0 0 0 119 0 0 
6 1 0 0 0 0 24 0 0 1 0 0 0 0 0 7 0 4 32 92 
4 0 8 30 0 0 4 0 38 0 1 1 1 77 0 1 1 1 0 0 
0 0 0 0 0 0 0 0 0 164 0 1 0 0 0 0 0 1 0 1 
9 0 0 1 11 3 0 5 0 106 31 0 0 0 0 1 0 0 0 0 
3 0 1 0 0 159 0 0 1 2 0 0 1 0 0 0 0 0 0 0 
1 0 0 1 0 148 0 1 0 1 0 0 2 0 3 1 0 0 0 9 
53 0 0 0 1 2 0 1 26 46 0 1 9 0 14 0 7 7 0 0 
6 9 0 0 2 0 0 4 1 5 4 0 3 0 3 27 0 102 1 0 
3 0 1 0 0 9 0 1 0 1 0 1 1 2 148 0 0 0 0 0 
3 0 114 20 0 1 0 0 11 0 0 1 1 7 1 2 5 1 0 0 
17 0 12 48 0 24 0 0 37 1 0 0 0 0 18 7 1 2 0 0 
5 0 1 1 0 0 0 89 0 23 11 0 9 1 1 0 0 26 0 0 
16 0 3 10 1 0 0 3 43 3 17 0 16 38 6 2 5 3 1 0 
46 3 2 0 46 0 3 5 0 4 0 1 0 0 9 2 13 32 0 1 
10 0 1 0 0 0 0 14 0 2 0 1 0 0 0 0 1 2 0 136 
52 10 0 0 0 14 0 2 0 1 0 9 0 1 11 44 11 1 11 0 
1 0 9 1 0 3 43 1 0 0 0 1 1 0 0 3 58 1 45 0 
28 1 2 0 0 48 0 3 1 20 0 0 0 0 0 2 12 48 0 2 
