MEME version 4

ALPHABET= ACDEFGHIKLMNPQRSTVWY

Background letter frequencies (from file `/home/yincp/Desktop/Descriptor_Preprocessor/Reports/19082019/PDOC00142/compos_align.txt'):
A 0.00017 C 0.00000 D 0.32741 E 0.11130 F 0.11110 G 0.11640 H 0.00000 I 0.00622 K 0.11110 L 0.10950 M 0.00286 N 0.00605 P 0.00017 Q 0.00000 R 0.00000 S 0.00000 T 0.09501 V 0.00236 W 0.00000 Y 0.00034 

MOTIF 1 GLDFTKDDE

letter-probability matrix: alength= 20 w= 9 nsites= 661 E= 0
  0.000000	  0.000000	  0.000000	  0.000000	  0.000000	  1.000000	  0.000000	  0.000000	  0.000000	  0.000000	  0.000000	  0.000000	  0.000000	  0.000000	  0.000000	  0.000000	  0.000000	  0.000000	  0.000000	  0.000000	
  0.001515	  0.000000	  0.000000	  0.000000	  0.000000	  0.048485	  0.000000	  0.003030	  0.000000	  0.940909	  0.000000	  0.000000	  0.001515	  0.000000	  0.000000	  0.000000	  0.000000	  0.004545	  0.000000	  0.000000	
  0.000000	  0.000000	  0.996974	  0.000000	  0.000000	  0.000000	  0.000000	  0.000000	  0.000000	  0.000000	  0.000000	  0.003026	  0.000000	  0.000000	  0.000000	  0.000000	  0.000000	  0.000000	  0.000000	  0.000000	
  0.000000	  0.000000	  0.000000	  0.000000	  1.000000	  0.000000	  0.000000	  0.000000	  0.000000	  0.000000	  0.000000	  0.000000	  0.000000	  0.000000	  0.000000	  0.000000	  0.000000	  0.000000	  0.000000	  0.000000	
  0.000000	  0.000000	  0.012103	  0.001513	  0.000000	  0.000000	  0.000000	  0.052950	  0.000000	  0.045386	  0.025719	  0.001513	  0.000000	  0.000000	  0.000000	  0.000000	  0.854766	  0.006051	  0.000000	  0.000000	
  0.000000	  0.000000	  0.000000	  0.000000	  0.000000	  0.000000	  0.000000	  0.000000	  1.000000	  0.000000	  0.000000	  0.000000	  0.000000	  0.000000	  0.000000	  0.000000	  0.000000	  0.000000	  0.000000	  0.000000	
  0.000000	  0.000000	  0.936460	  0.000000	  0.000000	  0.000000	  0.000000	  0.000000	  0.000000	  0.000000	  0.000000	  0.049924	  0.000000	  0.000000	  0.000000	  0.000000	  0.000000	  0.010590	  0.000000	  0.003026	
  0.000000	  0.000000	  1.000000	  0.000000	  0.000000	  0.000000	  0.000000	  0.000000	  0.000000	  0.000000	  0.000000	  0.000000	  0.000000	  0.000000	  0.000000	  0.000000	  0.000000	  0.000000	  0.000000	  0.000000	
  0.000000	  0.000000	  0.000000	  1.000000	  0.000000	  0.000000	  0.000000	  0.000000	  0.000000	  0.000000	  0.000000	  0.000000	  0.000000	  0.000000	  0.000000	  0.000000	  0.000000	  0.000000	  0.000000	  0.000000	

