42 18 37 38 33 59 15 35 31 60 10 34 29 19 37 27 47 47 7 26 
67 8 41 46 30 60 19 33 27 46 14 20 34 14 33 33 45 39 13 29 
45 11 37 40 48 73 17 24 28 81 15 20 30 11 39 17 33 45 12 25 
53 14 36 49 36 67 24 33 27 53 12 22 21 14 41 30 27 48 9 35 
69 10 43 41 30 72 24 25 35 49 9 23 25 7 48 27 33 40 16 25 
60 16 41 38 32 56 21 36 19 60 16 17 32 13 48 22 36 56 10 22 
69 15 41 36 28 59 16 36 39 40 12 19 28 18 41 25 32 57 12 28 
55 7 34 47 27 73 20 33 38 43 16 18 25 23 47 22 48 46 14 15 
57 9 29 44 32 78 22 35 35 50 15 27 32 16 40 25 34 36 7 28 
58 12 41 34 36 67 18 31 37 47 18 14 27 20 37 25 48 43 12 26 
69 10 36 45 30 74 19 30 35 56 13 15 37 21 25 24 39 40 10 23 
70 8 50 37 29 54 17 32 29 60 16 20 24 15 45 26 46 40 10 23 
82 8 32 51 22 59 20 30 37 48 17 19 27 13 32 31 43 37 13 30 
79 15 30 38 31 63 23 22 32 55 17 18 31 16 41 27 40 39 5 29 
69 14 41 36 28 70 11 41 32 51 13 23 28 17 29 29 41 41 11 26 
1 0 2 0 2 27 0 1 0 614 0 0 0 0 0 0 0 2 0 1 
0 0 645 0 2 1 0 2 0 0 0 1 0 0 0 0 0 0 0 0 
0 0 0 0 646 0 0 2 2 0 0 0 0 0 1 0 0 0 0 0 
1 0 0 0 0 0 0 30 2 30 17 2 0 0 0 0 565 4 0 0 
0 0 2 0 0 0 0 0 646 0 0 2 0 0 0 0 0 1 0 0 
0 0 620 2 0 0 0 0 0 0 0 28 0 0 0 0 0 0 0 1 
0 0 646 3 0 0 0 0 0 0 0 0 2 0 0 0 0 0 0 0 
0 1 0 646 0 0 0 0 0 0 0 0 2 2 0 0 0 0 0 0 
0 0 0 0 0 2 0 1 0 2 0 614 28 2 0 0 2 0 0 0 
0 0 0 0 0 2 0 103 0 2 0 2 0 28 1 0 1 512 0 0 
62 8 44 38 23 70 17 20 37 44 20 22 36 23 44 21 43 47 9 23 
60 6 42 36 26 64 22 33 37 49 19 23 35 16 39 21 36 48 7 32 
60 6 37 39 20 62 11 29 43 53 13 29 27 20 46 26 38 52 14 26 
64 12 42 33 26 62 19 27 37 52 16 27 32 19 35 25 44 39 9 31 
57 13 32 37 28 62 15 26 35 64 14 32 25 12 44 23 50 50 9 23 
70 10 29 42 37 62 19 31 45 61 23 17 30 19 32 17 38 37 11 21 
72 13 50 42 24 60 16 28 31 49 9 31 21 16 33 22 44 57 5 28 
72 12 33 36 25 73 21 23 37 51 10 33 36 11 38 22 47 39 11 21 
65 12 51 27 31 63 24 25 28 58 9 35 29 15 44 24 38 41 5 27 
69 8 45 34 23 62 16 27 30 46 24 23 32 16 40 31 44 41 11 29 
63 12 40 48 24 78 16 26 32 57 14 21 36 13 44 16 38 38 13 22 
61 11 36 42 23 71 18 22 40 54 19 25 32 15 35 32 42 38 10 25 
54 7 36 42 30 72 17 33 35 42 15 22 40 14 46 25 49 32 16 24 
47 12 53 45 36 58 15 33 31 66 13 23 29 16 37 30 37 39 12 19 
63 7 33 47 25 63 30 34 35 41 13 21 36 16 43 28 40 39 8 29 
55 8 49 26 33 63 20 27 37 47 11 18 36 16 37 30 54 51 14 19 
60 8 36 42 32 54 25 25 29 72 22 22 27 16 44 21 38 41 13 24 
60 9 39 41 28 60 19 42 35 53 18 16 37 15 37 24 46 44 9 19 
73 4 30 47 32 55 26 34 30 58 13 25 28 17 35 27 46 32 11 28 
59 14 28 56 36 68 21 20 28 51 17 22 28 16 40 22 43 47 6 29 
59 9 35 45 22 68 20 20 35 52 26 16 37 24 45 38 28 46 7 19 
50 12 39 41 38 73 15 30 20 52 15 23 33 12 32 25 57 39 6 39 
71 6 33 53 25 67 18 42 32 50 12 17 28 14 32 22 50 46 8 25 
72 18 35 48 32 60 27 27 30 54 17 19 34 12 34 27 35 40 12 18 
59 10 37 39 24 67 22 23 26 72 7 19 26 10 57 28 35 50 12 28 
