PROFILE 4
BEGIN
ORIGIN 
MATRIX ID=0 K=10 L=30
30        A        C        D        E        F        G        H        I        K        L        M        N        P        Q        R        S        T        V        W        Y
 0 0.000000 0.000000 0.000000 0.200000 0.000000 0.400000 0.000000 0.000000 0.000000 0.000000 0.000000 0.000000 0.000000 0.000000 0.000000 0.100000 0.000000 0.000000 0.000000 0.300000
 1 0.000000 0.000000 0.000000 0.000000 0.000000 0.000000 0.200000 0.500000 0.100000 0.000000 0.000000 0.000000 0.000000 0.000000 0.000000 0.000000 0.000000 0.200000 0.000000 0.000000
 2 0.100000 0.000000 0.000000 0.200000 0.000000 0.000000 0.000000 0.000000 0.200000 0.000000 0.000000 0.000000 0.000000 0.000000 0.200000 0.000000 0.300000 0.000000 0.000000 0.000000
 3 0.000000 0.000000 0.500000 0.500000 0.000000 0.000000 0.000000 0.000000 0.000000 0.000000 0.000000 0.000000 0.000000 0.000000 0.000000 0.000000 0.000000 0.000000 0.000000 0.000000
 4 0.000000 0.000000 0.000000 0.000000 0.000000 0.000000 0.000000 0.200000 0.000000 0.400000 0.100000 0.000000 0.000000 0.000000 0.000000 0.000000 0.000000 0.000000 0.300000 0.000000
 5 0.000000 0.000000 0.000000 0.200000 0.000000 0.000000 0.000000 0.000000 0.000000 0.100000 0.000000 0.000000 0.000000 0.300000 0.400000 0.000000 0.000000 0.000000 0.000000 0.000000
 6 0.000000 0.000000 0.200000 0.500000 0.000000 0.000000 0.000000 0.000000 0.000000 0.000000 0.000000 0.300000 0.000000 0.000000 0.000000 0.000000 0.000000 0.000000 0.000000 0.000000
 7 0.400000 0.000000 0.000000 0.000000 0.000000 0.000000 0.000000 0.200000 0.100000 0.000000 0.000000 0.000000 0.000000 0.000000 0.000000 0.000000 0.000000 0.300000 0.000000 0.000000
 8 0.000000 0.100000 0.000000 0.000000 0.700000 0.000000 0.000000 0.200000 0.000000 0.000000 0.000000 0.000000 0.000000 0.000000 0.000000 0.000000 0.000000 0.000000 0.000000 0.000000
 9 0.000000 0.000000 0.000000 0.000000 0.000000 0.000000 0.000000 0.000000 0.000000 0.000000 0.000000 0.000000 0.000000 0.000000 1.000000 0.000000 0.000000 0.000000 0.000000 0.000000
10 0.000000 0.000000 0.200000 0.400000 0.000000 0.000000 0.000000 0.000000 0.000000 0.000000 0.100000 0.000000 0.000000 0.000000 0.000000 0.000000 0.300000 0.000000 0.000000 0.000000
11 0.000000 0.000000 0.000000 0.000000 0.400000 0.000000 0.000000 0.000000 0.000000 0.000000 0.100000 0.000000 0.000000 0.000000 0.000000 0.000000 0.000000 0.200000 0.000000 0.300000
12 0.000000 0.000000 1.000000 0.000000 0.000000 0.000000 0.000000 0.000000 0.000000 0.000000 0.000000 0.000000 0.000000 0.000000 0.000000 0.000000 0.000000 0.000000 0.000000 0.000000
13 0.000000 0.000000 0.000000 0.000000 0.000000 0.000000 0.000000 0.000000 0.200000 0.300000 0.000000 0.000000 0.000000 0.000000 0.300000 0.000000 0.200000 0.000000 0.000000 0.000000
14 0.000000 0.000000 0.500000 0.000000 0.000000 0.000000 0.000000 0.000000 0.000000 0.000000 0.000000 0.500000 0.000000 0.000000 0.000000 0.000000 0.000000 0.000000 0.000000 0.000000
15 0.000000 0.000000 0.000000 0.000000 0.000000 0.500000 0.000000 0.000000 0.200000 0.000000 0.000000 0.300000 0.000000 0.000000 0.000000 0.000000 0.000000 0.000000 0.000000 0.000000
16 0.000000 0.000000 0.700000 0.000000 0.000000 0.000000 0.000000 0.000000 0.000000 0.000000 0.000000 0.000000 0.000000 0.000000 0.000000 0.300000 0.000000 0.000000 0.000000 0.000000
17 0.000000 0.000000 0.000000 0.000000 0.000000 1.000000 0.000000 0.000000 0.000000 0.000000 0.000000 0.000000 0.000000 0.000000 0.000000 0.000000 0.000000 0.000000 0.000000 0.000000
18 0.000000 0.000000 0.000000 0.200000 0.000000 0.000000 0.000000 0.000000 0.100000 0.000000 0.300000 0.000000 0.000000 0.000000 0.200000 0.000000 0.000000 0.000000 0.000000 0.200000
19 0.000000 0.000000 0.000000 0.000000 0.000000 0.000000 0.000000 0.700000 0.000000 0.000000 0.000000 0.000000 0.000000 0.000000 0.000000 0.000000 0.000000 0.300000 0.000000 0.000000
20 0.000000 0.000000 0.600000 0.000000 0.000000 0.000000 0.000000 0.000000 0.000000 0.000000 0.000000 0.200000 0.000000 0.000000 0.000000 0.200000 0.000000 0.000000 0.000000 0.000000
21 0.000000 0.200000 0.000000 0.000000 0.200000 0.000000 0.000000 0.000000 0.300000 0.100000 0.000000 0.000000 0.000000 0.000000 0.000000 0.000000 0.200000 0.000000 0.000000 0.000000
22 0.000000 0.000000 0.000000 0.200000 0.000000 0.000000 0.100000 0.000000 0.000000 0.000000 0.000000 0.300000 0.000000 0.000000 0.200000 0.200000 0.000000 0.000000 0.000000 0.000000
23 0.000000 0.000000 0.200000 0.800000 0.000000 0.000000 0.000000 0.000000 0.000000 0.000000 0.000000 0.000000 0.000000 0.000000 0.000000 0.000000 0.000000 0.000000 0.000000 0.000000
24 0.000000 0.000000 0.000000 0.000000 0.300000 0.000000 0.000000 0.000000 0.000000 0.700000 0.000000 0.000000 0.000000 0.000000 0.000000 0.000000 0.000000 0.000000 0.000000 0.000000
25 0.000000 0.000000 0.000000 0.000000 0.000000 0.200000 0.000000 0.000000 0.300000 0.100000 0.000000 0.000000 0.000000 0.000000 0.200000 0.000000 0.000000 0.200000 0.000000 0.000000
26 0.000000 0.000000 0.000000 0.300000 0.000000 0.000000 0.000000 0.000000 0.000000 0.000000 0.000000 0.200000 0.000000 0.300000 0.200000 0.000000 0.000000 0.000000 0.000000 0.000000
27 0.600000 0.200000 0.000000 0.000000 0.000000 0.000000 0.000000 0.000000 0.000000 0.000000 0.200000 0.000000 0.000000 0.000000 0.000000 0.000000 0.000000 0.000000 0.000000 0.000000
28 0.000000 0.000000 0.000000 0.000000 0.100000 0.000000 0.000000 0.000000 0.000000 0.300000 0.600000 0.000000 0.000000 0.000000 0.000000 0.000000 0.000000 0.000000 0.000000 0.000000
29 0.000000 0.000000 0.000000 0.000000 0.000000 0.000000 0.000000 0.000000 0.000000 0.000000 0.000000 0.000000 0.000000 0.000000 0.500000 0.500000 0.000000 0.000000 0.000000 0.000000
END
