MEME version 4

ALPHABET= ACDEFGHIKLMNPQRSTVWY

Background letter frequencies (from file `/home/yincp/Desktop/Descriptor_Preprocessor/Reports/19082019/PS01331/compos_align.txt'):
A 0.08165 C 0.03171 D 0.12990 E 0.00219 F 0.04555 G 0.02817 H 0.02007 I 0.07220 K 0.00017 L 0.07372 M 0.01248 N 0.00270 P 0.00017 Q 0.08553 R 0.08131 S 0.13950 T 0.04065 V 0.04403 W 0.00253 Y 0.10580 

MOTIF 1 JXDRXXXSXXAYQ

letter-probability matrix: alength= 20 w= 13 nsites= 456 E= 0
  0.000000	  0.000000	  0.000000	  0.000000	  0.000000	  0.000000	  0.000000	  0.506579	  0.000000	  0.337719	  0.000000	  0.000000	  0.000000	  0.000000	  0.000000	  0.000000	  0.000000	  0.155702	  0.000000	  0.000000	
  0.000000	  0.361842	  0.000000	  0.000000	  0.000000	  0.228070	  0.000000	  0.008772	  0.000000	  0.054825	  0.050439	  0.000000	  0.000000	  0.000000	  0.000000	  0.201754	  0.030702	  0.063596	  0.000000	  0.000000	
  0.000000	  0.000000	  0.969298	  0.017544	  0.000000	  0.000000	  0.000000	  0.000000	  0.000000	  0.000000	  0.000000	  0.000000	  0.000000	  0.000000	  0.000000	  0.000000	  0.013158	  0.000000	  0.000000	  0.000000	
  0.000000	  0.000000	  0.000000	  0.000000	  0.000000	  0.000000	  0.004386	  0.000000	  0.000000	  0.000000	  0.000000	  0.000000	  0.000000	  0.000000	  0.995614	  0.000000	  0.000000	  0.000000	  0.000000	  0.000000	
  0.000000	  0.006579	  0.000000	  0.000000	  0.445175	  0.000000	  0.228070	  0.000000	  0.000000	  0.000000	  0.000000	  0.000000	  0.000000	  0.000000	  0.000000	  0.043860	  0.000000	  0.000000	  0.000000	  0.276316	
  0.074561	  0.010965	  0.217105	  0.002193	  0.059211	  0.000000	  0.021930	  0.260965	  0.002193	  0.059211	  0.028509	  0.019737	  0.000000	  0.010965	  0.000000	  0.037281	  0.059211	  0.094298	  0.000000	  0.041667	
  0.008772	  0.000000	  0.500000	  0.008772	  0.046053	  0.041667	  0.006579	  0.035088	  0.000000	  0.214912	  0.028509	  0.002193	  0.002193	  0.000000	  0.002193	  0.002193	  0.000000	  0.008772	  0.032895	  0.059211	
  0.000000	  0.000000	  0.000000	  0.000000	  0.000000	  0.000000	  0.000000	  0.000000	  0.000000	  0.000000	  0.000000	  0.000000	  0.000000	  0.000000	  0.000000	  1.000000	  0.000000	  0.000000	  0.000000	  0.000000	
  0.000000	  0.000000	  0.000000	  0.000000	  0.000000	  0.096491	  0.000000	  0.000000	  0.000000	  0.000000	  0.000000	  0.010965	  0.000000	  0.000000	  0.000000	  0.489035	  0.403509	  0.000000	  0.000000	  0.000000	
  0.041667	  0.000000	  0.002193	  0.000000	  0.008772	  0.000000	  0.000000	  0.127193	  0.000000	  0.291667	  0.054825	  0.000000	  0.000000	  0.206140	  0.059211	  0.006579	  0.017544	  0.153509	  0.000000	  0.030702	
  0.870614	  0.032895	  0.000000	  0.000000	  0.000000	  0.000000	  0.000000	  0.000000	  0.000000	  0.000000	  0.000000	  0.000000	  0.000000	  0.000000	  0.000000	  0.000000	  0.000000	  0.096491	  0.000000	  0.000000	
  0.000000	  0.000000	  0.000000	  0.000000	  0.032895	  0.000000	  0.000000	  0.000000	  0.000000	  0.000000	  0.000000	  0.000000	  0.000000	  0.000000	  0.000000	  0.000000	  0.000000	  0.000000	  0.000000	  0.967105	
  0.065789	  0.000000	  0.000000	  0.000000	  0.000000	  0.000000	  0.000000	  0.000000	  0.000000	  0.000000	  0.000000	  0.002193	  0.000000	  0.894737	  0.000000	  0.032895	  0.004386	  0.000000	  0.000000	  0.000000	

