58 0 22 121 2 7 25 5 16 6 5 8 1 21 27 17 9 95 2 2 
5 0 6 111 6 4 7 5 45 16 2 68 2 40 31 26 68 6 0 1 
2 1 2 26 13 3 0 20 102 45 3 7 0 2 8 5 23 186 0 1 
0 0 0 10 0 0 0 339 9 10 6 1 0 1 0 0 1 71 1 0 
20 0 2 20 3 1 1 58 146 65 18 2 1 29 59 5 1 10 6 2 
7 0 2 21 0 2 0 5 4 10 1 0 386 2 3 3 1 2 0 0 
335 3 2 10 1 8 5 2 20 11 1 5 1 14 1 14 7 2 0 7 
0 2 4 2 1 2 0 17 4 397 0 2 5 2 1 1 4 5 0 0 
152 0 12 95 1 2 4 0 61 11 6 42 1 29 12 17 3 0 1 0 
68 1 22 92 0 3 0 1 43 10 0 51 0 76 49 25 5 3 0 0 
3 0 23 4 0 358 2 1 17 1 0 28 3 4 0 2 0 1 0 2 
19 3 25 21 5 5 16 37 155 0 2 13 0 17 21 19 43 16 0 32 
6 0 7 0 0 2 4 93 0 60 6 16 0 0 0 1 35 71 145 3 
0 1 0 1 0 1 0 36 0 18 0 0 0 0 1 0 0 391 0 0 
0 1 0 0 0 0 0 223 0 154 0 0 0 0 0 0 1 70 0 0 
0 164 2 0 0 104 0 2 0 25 23 0 0 0 0 90 10 28 1 0 
0 0 439 5 0 0 0 0 0 0 0 0 0 0 3 0 1 1 0 0 
0 0 0 0 2 0 2 1 0 0 0 0 0 0 444 0 0 0 0 0 
0 3 0 1 194 1 104 2 0 0 0 0 0 0 0 19 0 0 0 125 
34 5 101 1 27 0 10 118 1 28 13 9 0 0 0 16 26 42 0 18 
4 0 227 5 21 14 3 16 0 99 13 0 0 0 2 2 0 4 14 25 
0 0 0 0 0 1 1 0 0 0 0 0 0 0 0 446 1 0 0 0 
0 0 1 0 0 43 0 0 0 0 0 4 0 1 1 221 178 0 0 0 
19 0 0 0 4 0 0 58 0 128 24 0 0 95 26 3 8 71 0 13 
391 15 0 0 1 0 0 0 0 0 0 0 0 0 0 1 0 40 0 1 
0 0 0 0 8 0 0 0 0 0 0 0 0 2 0 0 1 0 0 438 
27 0 1 0 0 1 0 0 0 0 0 1 0 402 0 15 2 0 0 0 
23 2 0 3 1 368 2 0 7 4 4 1 0 9 0 14 1 3 7 0 
70 0 6 3 34 135 3 13 4 16 1 1 2 3 1 14 5 21 0 117 
73 0 11 14 7 262 0 2 20 10 1 4 0 9 11 8 14 3 0 0 
0 3 7 15 3 73 2 2 5 21 2 4 1 2 296 10 1 2 0 0 
20 0 16 31 1 261 3 15 12 24 0 33 0 19 2 2 2 6 2 0 
3 0 25 12 12 4 0 132 1 172 10 16 8 2 3 15 4 30 0 0 
9 1 185 19 3 106 0 9 8 25 18 20 10 3 3 21 5 2 2 0 
24 4 9 42 5 2 1 61 18 61 28 12 32 62 21 17 16 30 2 2 
31 0 77 90 12 9 40 7 15 33 4 9 6 21 4 26 43 3 17 2 
28 4 7 43 26 2 3 35 33 118 55 10 2 9 7 11 12 25 6 13 
11 2 5 7 1 0 0 107 22 116 45 5 0 2 4 2 0 115 0 5 
94 1 24 29 16 5 9 4 40 30 4 29 0 22 55 19 35 3 8 22 
54 5 12 36 5 0 3 14 18 14 7 38 2 52 9 49 78 16 25 12 
4 0 2 15 11 1 3 73 8 247 15 28 4 0 1 16 1 20 0 0 
13 11 8 40 4 1 24 14 25 6 0 160 5 15 84 26 4 6 3 0 
33 1 107 41 12 17 10 1 25 22 5 20 3 46 47 24 11 5 0 19 
74 1 7 13 94 3 8 53 5 53 4 8 11 2 4 4 53 20 10 22 
184 0 3 3 13 5 1 9 4 34 3 9 25 0 3 7 22 123 0 1 
8 7 4 5 14 6 1 71 33 118 15 2 5 5 11 11 109 24 0 0 
17 4 60 37 13 160 1 12 17 6 2 42 49 13 8 5 3 0 0 0 
4 0 152 21 14 152 1 15 6 11 1 21 16 2 2 18 2 8 0 3 
14 26 5 8 103 1 6 19 16 170 7 2 6 5 1 10 15 20 2 13 
10 1 9 28 10 2 1 14 64 34 54 1 34 11 75 10 16 43 10 22 
