MEME version 4

ALPHABET= ACDEFGHIKLMNPQRSTVWY

Background letter frequencies (from file `/home/yincp/Desktop/Descriptor_Preprocessor/Reports/19082019/PDOC00148/compos_align.txt'):
A 0.00341 C 0.00008 D 0.00103 E 0.06929 F 0.01157 G 0.07143 H 0.00000 I 0.17969 K 0.07143 L 0.16429 M 0.00095 N 0.07143 P 0.00595 Q 0.07238 R 0.00008 S 0.04424 T 0.16769 V 0.06453 W 0.00000 Y 0.00056 

MOTIF 1 ILIKXNQIGTLTET

letter-probability matrix: alength= 20 w= 14 nsites= 901 E= 0
  0.000000	  0.000000	  0.000000	  0.000000	  0.000000	  0.000000	  0.000000	  0.712542	  0.000000	  0.190899	  0.008879	  0.000000	  0.000000	  0.000000	  0.000000	  0.006659	  0.005549	  0.075472	  0.000000	  0.000000	
  0.000000	  0.000000	  0.000000	  0.000000	  0.000000	  0.000000	  0.000000	  0.013319	  0.000000	  0.984462	  0.000000	  0.000000	  0.001110	  0.000000	  0.000000	  0.000000	  0.000000	  0.001110	  0.000000	  0.000000	
  0.000000	  0.000000	  0.000000	  0.000000	  0.000000	  0.000000	  0.000000	  0.685905	  0.000000	  0.114317	  0.000000	  0.000000	  0.000000	  0.000000	  0.000000	  0.000000	  0.000000	  0.199778	  0.000000	  0.000000	
  0.000000	  0.000000	  0.000000	  0.000000	  0.000000	  0.000000	  0.000000	  0.000000	  0.998890	  0.000000	  0.000000	  0.000000	  0.000000	  0.001110	  0.000000	  0.000000	  0.000000	  0.000000	  0.000000	  0.000000	
  0.001110	  0.001110	  0.000000	  0.000000	  0.162042	  0.000000	  0.000000	  0.063263	  0.000000	  0.184240	  0.003330	  0.000000	  0.082131	  0.000000	  0.000000	  0.000000	  0.000000	  0.495006	  0.000000	  0.007769	
  0.000000	  0.000000	  0.001110	  0.000000	  0.000000	  0.000000	  0.000000	  0.000000	  0.000000	  0.000000	  0.000000	  0.998890	  0.000000	  0.000000	  0.000000	  0.000000	  0.000000	  0.000000	  0.000000	  0.000000	
  0.000000	  0.000000	  0.000000	  0.000000	  0.000000	  0.000000	  0.000000	  0.000000	  0.000000	  0.000000	  0.000000	  0.000000	  0.000000	  1.000000	  0.000000	  0.000000	  0.000000	  0.000000	  0.000000	  0.000000	
  0.000000	  0.000000	  0.000000	  0.000000	  0.000000	  0.000000	  0.000000	  0.987791	  0.000000	  0.000000	  0.000000	  0.001110	  0.000000	  0.000000	  0.000000	  0.000000	  0.000000	  0.011099	  0.000000	  0.000000	
  0.001110	  0.000000	  0.000000	  0.000000	  0.000000	  0.998890	  0.000000	  0.000000	  0.000000	  0.000000	  0.000000	  0.000000	  0.000000	  0.000000	  0.000000	  0.000000	  0.000000	  0.000000	  0.000000	  0.000000	
  0.000000	  0.000000	  0.000000	  0.000000	  0.000000	  0.000000	  0.000000	  0.000000	  0.000000	  0.000000	  0.000000	  0.000000	  0.000000	  0.000000	  0.000000	  0.348502	  0.651498	  0.000000	  0.000000	  0.000000	
  0.000000	  0.000000	  0.000000	  0.000000	  0.000000	  0.000000	  0.000000	  0.053274	  0.000000	  0.824639	  0.001110	  0.000000	  0.000000	  0.000000	  0.000000	  0.000000	  0.000000	  0.120977	  0.000000	  0.000000	
  0.000000	  0.000000	  0.000000	  0.000000	  0.000000	  0.000000	  0.000000	  0.000000	  0.000000	  0.001110	  0.000000	  0.000000	  0.000000	  0.000000	  0.000000	  0.175361	  0.823529	  0.000000	  0.000000	  0.000000	
  0.001110	  0.000000	  0.013319	  0.970033	  0.000000	  0.001110	  0.000000	  0.000000	  0.001110	  0.000000	  0.000000	  0.000000	  0.000000	  0.012209	  0.001110	  0.000000	  0.000000	  0.000000	  0.000000	  0.000000	
  0.044395	  0.000000	  0.000000	  0.000000	  0.000000	  0.000000	  0.000000	  0.000000	  0.000000	  0.000000	  0.000000	  0.000000	  0.000000	  0.000000	  0.000000	  0.088790	  0.866815	  0.000000	  0.000000	  0.000000	

