MEME version 4

ALPHABET= ACDEFGHIKLMNPQRSTVWY

Background letter frequencies
A 0.0826 C 0.0138 D 0.0546 E 0.0673 F 0.0387 G 0.0708 H 0.0228 I 0.0592 K 0.0582 L 0.0966 
M 0.0242 N 0.0406 P 0.0473 Q 0.0393 R 0.0554 S 0.0663 T 0.0536 V 0.0687 W 0.011 
Y 0.0292 

MOTIF MEME-1
letter-probability matrix: alength= 20 w= 50 nsites= 904 E= 0.000
0.076327 0.000000 0.063053 0.202434 0.000000 0.003319 0.000000 0.011062 0.407080 0.013274 0.000000 0.014381 0.000000 0.037611 0.056416 0.045354 0.058628 0.011062 0.000000 0.000000 
0.000000 0.000000 0.000000 0.000000 0.029867 0.000000 0.000000 0.371681 0.054204 0.043142 0.001106 0.001106 0.000000 0.000000 0.417035 0.000000 0.000000 0.003319 0.000000 0.078540 
0.002212 0.000000 0.000000 0.000000 0.026549 0.000000 0.000000 0.134956 0.000000 0.811947 0.000000 0.000000 0.001106 0.000000 0.000000 0.000000 0.001106 0.022124 0.000000 0.000000 
0.269912 0.002212 0.003319 0.095133 0.000000 0.004425 0.001106 0.000000 0.318584 0.003319 0.000000 0.003319 0.000000 0.119469 0.095133 0.060841 0.021018 0.001106 0.000000 0.001106 
0.004425 0.000000 0.056416 0.348451 0.000000 0.000000 0.002212 0.009956 0.274336 0.001106 0.015487 0.006637 0.000000 0.061947 0.190265 0.002212 0.023230 0.001106 0.000000 0.002212 
0.121681 0.000000 0.000000 0.000000 0.001106 0.875000 0.000000 0.000000 0.000000 0.000000 0.000000 0.000000 0.001106 0.000000 0.000000 0.001106 0.000000 0.000000 0.000000 0.000000 
0.004425 0.000000 0.000000 0.000000 0.001106 0.001106 0.000000 0.930310 0.000000 0.013274 0.001106 0.000000 0.000000 0.000000 0.001106 0.002212 0.000000 0.045354 0.000000 0.000000 
0.042035 0.000000 0.172566 0.467920 0.000000 0.006637 0.002212 0.006637 0.133850 0.004425 0.003319 0.028761 0.000000 0.051991 0.029867 0.034292 0.012168 0.003319 0.000000 0.000000 
0.019912 0.000000 0.011062 0.180310 0.003319 0.002212 0.003319 0.003319 0.388274 0.068584 0.070796 0.086283 0.000000 0.049779 0.058628 0.027655 0.024336 0.002212 0.000000 0.000000 
0.007743 0.000000 0.011062 0.006637 0.001106 0.636062 0.011062 0.000000 0.205752 0.001106 0.001106 0.079646 0.000000 0.006637 0.018805 0.013274 0.000000 0.000000 0.000000 0.000000 
0.247788 0.022124 0.000000 0.000000 0.000000 0.000000 0.000000 0.345133 0.000000 0.026549 0.017699 0.000000 0.001106 0.001106 0.009956 0.066372 0.042035 0.217920 0.000000 0.002212 
0.702434 0.085177 0.001106 0.000000 0.000000 0.136062 0.000000 0.005531 0.000000 0.000000 0.003319 0.000000 0.000000 0.000000 0.000000 0.030973 0.030973 0.004425 0.000000 0.000000 
0.000000 0.000000 0.007743 0.000000 0.000000 0.000000 0.000000 0.000000 0.011062 0.000000 0.000000 0.977876 0.000000 0.000000 0.001106 0.000000 0.002212 0.000000 0.000000 0.000000 
0.265487 0.042035 0.000000 0.000000 0.000000 0.016593 0.000000 0.000000 0.000000 0.000000 0.000000 0.001106 0.000000 0.000000 0.000000 0.669248 0.005531 0.000000 0.000000 0.000000 
0.000000 0.000000 0.000000 0.000000 0.000000 0.000000 0.000000 0.711283 0.000000 0.191372 0.008850 0.000000 0.000000 0.000000 0.000000 0.007743 0.005531 0.075221 0.000000 0.000000 
0.000000 0.000000 0.000000 0.000000 0.000000 0.000000 0.000000 0.013274 0.000000 0.984513 0.000000 0.000000 0.001106 0.000000 0.000000 0.000000 0.000000 0.001106 0.000000 0.000000 
0.000000 0.000000 0.000000 0.000000 0.000000 0.000000 0.000000 0.684735 0.000000 0.115044 0.000000 0.000000 0.000000 0.000000 0.000000 0.000000 0.000000 0.200221 0.000000 0.000000 
0.000000 0.000000 0.000000 0.000000 0.000000 0.000000 0.000000 0.000000 0.998894 0.000000 0.000000 0.000000 0.000000 0.001106 0.000000 0.000000 0.000000 0.000000 0.000000 0.000000 
0.002212 0.001106 0.000000 0.000000 0.161504 0.000000 0.000000 0.064159 0.000000 0.183628 0.003319 0.000000 0.081858 0.000000 0.000000 0.000000 0.000000 0.494469 0.000000 0.007743 
0.000000 0.000000 0.001106 0.000000 0.000000 0.000000 0.000000 0.000000 0.000000 0.000000 0.000000 0.998894 0.000000 0.000000 0.000000 0.000000 0.000000 0.000000 0.000000 0.000000 
0.000000 0.000000 0.000000 0.000000 0.000000 0.000000 0.000000 0.000000 0.000000 0.000000 0.000000 0.000000 0.000000 0.998894 0.001106 0.000000 0.000000 0.000000 0.000000 0.000000 
0.000000 0.000000 0.000000 0.000000 0.000000 0.000000 0.000000 0.987832 0.000000 0.000000 0.000000 0.001106 0.000000 0.000000 0.000000 0.000000 0.000000 0.011062 0.000000 0.000000 
0.001106 0.000000 0.000000 0.000000 0.000000 0.998894 0.000000 0.000000 0.000000 0.000000 0.000000 0.000000 0.000000 0.000000 0.000000 0.000000 0.000000 0.000000 0.000000 0.000000 
0.000000 0.000000 0.000000 0.000000 0.000000 0.000000 0.000000 0.000000 0.000000 0.000000 0.000000 0.000000 0.000000 0.000000 0.000000 0.349558 0.650442 0.000000 0.000000 0.000000 
0.000000 0.000000 0.000000 0.000000 0.000000 0.000000 0.000000 0.053097 0.000000 0.824115 0.001106 0.000000 0.000000 0.000000 0.000000 0.000000 0.000000 0.121681 0.000000 0.000000 
0.000000 0.000000 0.000000 0.000000 0.000000 0.000000 0.000000 0.000000 0.000000 0.001106 0.000000 0.000000 0.000000 0.000000 0.000000 0.175885 0.821903 0.000000 0.001106 0.000000 
0.001106 0.000000 0.013274 0.970133 0.000000 0.001106 0.000000 0.000000 0.001106 0.000000 0.000000 0.000000 0.000000 0.012168 0.001106 0.000000 0.000000 0.000000 0.000000 0.000000 
0.044248 0.000000 0.000000 0.000000 0.000000 0.000000 0.000000 0.000000 0.000000 0.000000 0.001106 0.000000 0.000000 0.000000 0.000000 0.089602 0.865044 0.000000 0.000000 0.000000 
0.008850 0.000000 0.000000 0.000000 0.233407 0.000000 0.002212 0.119469 0.002212 0.567478 0.029867 0.000000 0.000000 0.001106 0.006637 0.003319 0.000000 0.021018 0.000000 0.004425 
0.237832 0.000000 0.268805 0.292035 0.000000 0.000000 0.000000 0.000000 0.022124 0.001106 0.004425 0.047566 0.000000 0.097345 0.012168 0.012168 0.002212 0.000000 0.000000 0.002212 
0.856195 0.002212 0.000000 0.000000 0.008850 0.000000 0.000000 0.000000 0.000000 0.000000 0.000000 0.000000 0.000000 0.000000 0.000000 0.016593 0.102876 0.011062 0.000000 0.002212 
0.055310 0.044248 0.000000 0.000000 0.001106 0.001106 0.002212 0.644912 0.000000 0.000000 0.012168 0.000000 0.000000 0.000000 0.000000 0.000000 0.007743 0.231195 0.000000 0.000000 
0.038717 0.000000 0.082965 0.384956 0.001106 0.006637 0.008850 0.000000 0.216814 0.012168 0.001106 0.048673 0.000000 0.043142 0.097345 0.024336 0.016593 0.000000 0.000000 0.016593 
0.003319 0.000000 0.026549 0.000000 0.006637 0.000000 0.000000 0.016593 0.002212 0.311947 0.575221 0.000000 0.000000 0.004425 0.000000 0.002212 0.044248 0.005531 0.000000 0.001106 
0.934735 0.002212 0.000000 0.000000 0.000000 0.004425 0.000000 0.000000 0.000000 0.000000 0.000000 0.000000 0.000000 0.000000 0.000000 0.050885 0.007743 0.000000 0.000000 0.000000 
0.005531 0.000000 0.005531 0.011062 0.028761 0.013274 0.153761 0.000000 0.472345 0.003319 0.001106 0.018805 0.000000 0.162611 0.045354 0.008850 0.035398 0.003319 0.000000 0.030973 
0.066372 0.004425 0.144912 0.107301 0.001106 0.007743 0.022124 0.006637 0.170354 0.004425 0.006637 0.027655 0.000000 0.026549 0.347345 0.043142 0.009956 0.003319 0.000000 0.000000 
0.644912 0.002212 0.009956 0.000000 0.002212 0.012168 0.037611 0.001106 0.002212 0.000000 0.001106 0.203540 0.000000 0.009956 0.002212 0.061947 0.000000 0.001106 0.000000 0.007743 
0.025442 0.000000 0.000000 0.000000 0.000000 0.799779 0.005531 0.000000 0.017699 0.000000 0.001106 0.071903 0.000000 0.007743 0.035398 0.033186 0.002212 0.000000 0.000000 0.000000 
0.000000 0.000000 0.000000 0.000000 0.049779 0.000000 0.000000 0.014381 0.000000 0.002212 0.025442 0.000000 0.000000 0.000000 0.000000 0.000000 0.000000 0.001106 0.121681 0.785398 
0.040929 0.000000 0.003319 0.005531 0.000000 0.127212 0.001106 0.000000 0.046460 0.001106 0.000000 0.024336 0.000000 0.009956 0.075221 0.021018 0.640487 0.003319 0.000000 0.000000 
0.514381 0.061947 0.000000 0.000000 0.001106 0.000000 0.001106 0.001106 0.000000 0.012168 0.000000 0.022124 0.005531 0.002212 0.000000 0.102876 0.133850 0.140487 0.000000 0.001106 
0.000000 0.000000 0.000000 0.000000 0.003319 0.000000 0.000000 0.139381 0.000000 0.002212 0.170354 0.000000 0.000000 0.002212 0.000000 0.000000 0.000000 0.682522 0.000000 0.000000 
0.007743 0.000000 0.000000 0.000000 0.000000 0.000000 0.000000 0.431416 0.000000 0.017699 0.168142 0.000000 0.000000 0.000000 0.000000 0.002212 0.025442 0.347345 0.000000 0.000000 
0.000000 0.000000 0.000000 0.000000 0.000000 0.000000 0.001106 0.000000 0.000000 0.000000 0.000000 0.000000 0.000000 0.000000 0.000000 0.998894 0.000000 0.000000 0.000000 0.000000 
0.001106 0.000000 0.000000 0.000000 0.000000 0.000000 0.997788 0.000000 0.000000 0.000000 0.000000 0.000000 0.000000 0.000000 0.001106 0.000000 0.000000 0.000000 0.000000 0.000000 
0.000000 0.000000 0.000000 0.000000 0.000000 0.000000 0.000000 0.000000 0.000000 0.000000 0.000000 0.000000 0.000000 0.000000 0.998894 0.001106 0.000000 0.000000 0.000000 0.000000 
0.000000 0.001106 0.000000 0.000000 0.000000 0.001106 0.000000 0.000000 0.000000 0.000000 0.000000 0.000000 0.000000 0.000000 0.000000 0.997788 0.000000 0.000000 0.000000 0.000000 
0.005531 0.000000 0.000000 0.001106 0.000000 0.993363 0.000000 0.000000 0.000000 0.000000 0.000000 0.000000 0.000000 0.000000 0.000000 0.000000 0.000000 0.000000 0.000000 0.000000 
0.000000 0.000000 0.005531 0.993363 0.000000 0.000000 0.000000 0.000000 0.000000 0.000000 0.000000 0.000000 0.000000 0.000000 0.000000 0.000000 0.001106 0.000000 0.000000 0.000000 

