75 0 57 181 0 3 0 10 366 12 0 13 0 34 51 50 52 10 0 1 
1 0 0 0 27 14 0 336 49 38 1 1 0 0 376 0 0 3 0 69 
2 0 0 0 24 0 0 119 1 732 0 0 1 14 1 0 1 20 0 0 
242 2 3 86 0 4 1 13 287 4 0 3 0 108 85 55 20 1 0 1 
4 0 51 314 0 1 2 9 260 1 13 6 0 55 173 2 21 1 0 2 
108 0 1 0 1 788 0 1 0 0 0 0 1 0 0 1 14 0 0 0 
4 0 0 1 1 16 0 838 0 12 1 0 0 0 1 2 0 39 0 0 
52 0 156 420 0 6 2 7 122 4 3 25 0 47 27 30 11 3 0 0 
18 0 10 162 3 2 3 3 348 62 64 78 14 44 54 26 22 2 0 0 
20 1 9 6 1 573 10 0 185 2 1 72 0 6 17 12 0 0 0 0 
224 20 0 0 0 1 0 312 0 24 15 0 1 1 22 58 38 197 0 2 
632 76 1 0 0 123 0 4 1 0 3 0 0 0 0 41 29 5 0 0 
1 0 8 13 0 1 0 0 9 0 0 880 0 0 1 0 2 0 0 0 
237 37 0 0 0 14 0 0 0 0 0 2 0 0 14 605 6 0 0 0 
0 0 0 0 0 0 0 643 0 185 8 0 0 0 0 7 4 68 0 0 
13 0 0 0 0 0 0 12 0 886 0 0 1 0 0 0 0 3 0 0 
0 0 0 0 0 0 0 617 15 104 0 0 0 0 0 0 0 179 0 0 
0 0 0 0 0 0 0 0 898 13 0 0 1 1 0 0 0 1 0 1 
1 1 0 0 146 0 0 57 1 166 3 15 72 0 0 0 0 446 0 7 
0 0 1 0 0 0 0 0 0 0 0 898 0 15 0 0 0 1 0 0 
0 0 0 0 0 0 0 14 0 1 0 1 0 899 0 0 0 0 0 0 
0 0 0 0 0 1 0 888 0 14 0 1 0 1 0 0 0 10 0 0 
1 0 0 0 0 898 0 1 0 0 0 0 0 0 14 0 1 0 0 0 
0 0 0 0 0 1 0 14 0 1 0 0 0 0 0 314 585 0 0 0 
0 0 0 14 0 0 0 48 0 741 1 0 0 0 0 2 0 109 0 0 
0 0 0 15 0 0 0 0 0 2 0 0 0 0 0 157 741 0 0 0 
2 0 12 885 0 1 0 0 1 0 0 0 0 11 1 1 1 0 0 0 
40 0 0 1 1 0 0 0 0 14 0 0 0 0 0 80 779 0 0 0 
9 0 0 1 210 13 2 107 2 512 27 0 0 1 5 2 1 19 0 4 
216 0 248 264 0 0 0 0 20 2 4 44 0 87 11 14 2 0 0 3 
771 2 1 1 8 0 0 1 3 0 0 8 0 1 0 15 93 10 0 1 
65 39 0 1 1 1 2 580 0 0 11 0 0 0 0 0 7 208 0 0 
35 0 75 347 2 6 8 8 194 11 1 44 0 39 87 22 15 6 0 15 
4 0 24 1 6 0 0 15 2 280 519 0 0 4 0 2 40 4 0 14 
854 2 0 0 0 4 0 0 1 1 0 0 0 0 0 46 7 0 0 0 
6 0 5 10 26 26 137 0 427 3 1 17 0 145 41 8 32 3 0 28 
58 4 132 101 1 6 21 6 158 4 6 26 0 25 314 40 10 3 0 0 
582 2 12 0 2 11 34 1 7 0 1 188 0 8 2 58 0 1 0 6 
24 0 0 0 12 721 5 1 16 0 1 64 0 7 32 30 2 0 0 0 
0 0 0 1 46 1 2 12 1 2 22 0 0 1 9 0 0 1 109 708 
38 0 3 5 0 114 1 1 46 1 0 22 1 9 68 18 584 2 0 2 
472 56 0 0 1 0 1 1 0 11 0 21 5 2 0 97 121 126 0 1 
1 0 0 0 3 0 2 126 0 2 153 0 0 2 0 2 0 624 0 0 
7 0 0 1 0 0 0 389 1 16 151 7 0 2 0 4 24 313 0 0 
0 0 0 0 0 0 2 0 1 12 1 0 0 0 0 898 0 0 0 1 
1 0 0 0 0 0 897 1 0 0 0 0 0 0 2 1 0 0 0 0 
0 0 0 0 1 0 1 0 0 0 0 0 0 0 898 2 0 0 0 0 
0 1 0 0 0 2 0 1 0 0 0 0 0 0 1 897 0 0 0 0 
5 0 0 2 0 893 0 0 0 0 0 0 0 0 0 1 0 0 0 0 
0 0 5 893 0 1 0 0 0 0 0 0 0 0 0 0 2 0 0 0 
