MEME version 4

ALPHABET= ACDEFGHIKLMNPQRSTVWY

Background letter frequencies (from file `/home/yincp/Desktop/Descriptor_Preprocessor/Reports/19082019/PDOC00156/compos_align.txt'):
A 0.10450 C 0.00723 D 0.06608 E 0.07165 F 0.05856 G 0.08935 H 0.03460 I 0.03700 K 0.05359 L 0.09300 M 0.02388 N 0.04585 P 0.03458 Q 0.04170 R 0.04846 S 0.03429 T 0.05121 V 0.05002 W 0.01747 Y 0.03703 

MOTIF 1 XXXXXXXXXXXXXXXXXXXXXXXXXXXXXXXXXXXXXXXXXXXXXXXXXXXXXXXXXXXXXXXXXXXXXXXXXXX

letter-probability matrix: alength= 20 w= 75 nsites= 1048 E= 0
  0.206282	  0.000849	  0.007640	  0.005942	  0.041596	  0.158744	  0.000000	  0.061121	  0.000000	  0.074703	  0.177419	  0.001698	  0.000000	  0.015280	  0.025467	  0.054329	  0.009338	  0.013582	  0.101019	  0.044992	
  0.007107	  0.000000	  0.085279	  0.067005	  0.012183	  0.002030	  0.027411	  0.000000	  0.172589	  0.012183	  0.005076	  0.050761	  0.209137	  0.002030	  0.004061	  0.007107	  0.169543	  0.023350	  0.003046	  0.140102	
  0.138253	  0.002545	  0.071247	  0.251060	  0.019508	  0.005089	  0.008482	  0.023749	  0.026293	  0.021204	  0.003393	  0.071247	  0.012723	  0.027990	  0.078880	  0.013571	  0.088210	  0.134012	  0.000000	  0.002545	
  0.047498	  0.000000	  0.013571	  0.033927	  0.006785	  0.188295	  0.012723	  0.124682	  0.002545	  0.067006	  0.130619	  0.002545	  0.014419	  0.010178	  0.002545	  0.068702	  0.132316	  0.051739	  0.000000	  0.089907	
  0.170483	  0.000848	  0.041561	  0.162850	  0.000848	  0.156064	  0.046650	  0.022053	  0.097540	  0.162850	  0.002545	  0.018660	  0.011874	  0.021204	  0.028838	  0.029686	  0.004241	  0.019508	  0.000848	  0.000848	
  0.026793	  0.000000	  0.087295	  0.164218	  0.190147	  0.005186	  0.000864	  0.032844	  0.140017	  0.074330	  0.000000	  0.023336	  0.006050	  0.021608	  0.082973	  0.094209	  0.044080	  0.003457	  0.000000	  0.002593	
  0.102852	  0.000000	  0.012965	  0.005186	  0.026793	  0.144339	  0.148660	  0.037165	  0.000000	  0.410545	  0.009507	  0.031115	  0.001729	  0.019015	  0.006050	  0.012100	  0.004322	  0.010372	  0.012100	  0.005186	
  0.070399	  0.000000	  0.022901	  0.019508	  0.002545	  0.312129	  0.007634	  0.000000	  0.192536	  0.151824	  0.001696	  0.005089	  0.015267	  0.100085	  0.067854	  0.011026	  0.011874	  0.007634	  0.000000	  0.000000	
  0.051020	  0.000000	  0.027211	  0.184524	  0.000000	  0.287415	  0.006803	  0.000000	  0.064626	  0.001701	  0.000850	  0.005952	  0.002551	  0.136054	  0.185374	  0.015306	  0.030612	  0.000000	  0.000000	  0.000000	
  0.020374	  0.000000	  0.003396	  0.129032	  0.334465	  0.000000	  0.026316	  0.124788	  0.010187	  0.079796	  0.016978	  0.021222	  0.000849	  0.007640	  0.019525	  0.015280	  0.031409	  0.007640	  0.001698	  0.149406	
  0.161790	  0.000000	  0.028399	  0.055077	  0.005164	  0.171256	  0.001721	  0.025818	  0.027539	  0.112737	  0.000861	  0.179002	  0.002582	  0.002582	  0.005164	  0.033563	  0.144578	  0.034423	  0.000000	  0.007745	
  0.105721	  0.001244	  0.003731	  0.011194	  0.034826	  0.007463	  0.014925	  0.013682	  0.039801	  0.225124	  0.006219	  0.078358	  0.008706	  0.012438	  0.048507	  0.022388	  0.004975	  0.124378	  0.000000	  0.236318	
  0.112258	  0.110968	  0.052903	  0.138065	  0.001290	  0.040000	  0.003871	  0.009032	  0.006452	  0.001290	  0.001290	  0.194839	  0.027097	  0.019355	  0.002581	  0.003871	  0.005161	  0.255484	  0.000000	  0.014194	
  0.052963	  0.001261	  0.051702	  0.071879	  0.084489	  0.010088	  0.002522	  0.000000	  0.168979	  0.180328	  0.007566	  0.060530	  0.001261	  0.036570	  0.010088	  0.047919	  0.003783	  0.002522	  0.016393	  0.189155	
  0.001684	  0.000000	  0.042088	  0.196970	  0.000000	  0.309764	  0.016835	  0.005051	  0.000000	  0.030303	  0.000000	  0.005051	  0.006734	  0.000000	  0.003367	  0.013468	  0.001684	  0.006734	  0.329966	  0.030303	
  0.002618	  0.000000	  0.007853	  0.024869	  0.082461	  0.020942	  0.227749	  0.107330	  0.081152	  0.028796	  0.000000	  0.005236	  0.002618	  0.053665	  0.007853	  0.002618	  0.014398	  0.052356	  0.257853	  0.019634	
  0.042581	  0.000000	  0.001290	  0.009032	  0.011613	  0.281290	  0.002581	  0.003871	  0.209032	  0.027097	  0.047742	  0.005161	  0.003871	  0.006452	  0.019355	  0.051613	  0.234839	  0.009032	  0.000000	  0.033548	
  0.013238	  0.000000	  0.036660	  0.011202	  0.177189	  0.201629	  0.005092	  0.007128	  0.017312	  0.086558	  0.007128	  0.022403	  0.017312	  0.003055	  0.008147	  0.113035	  0.147658	  0.122200	  0.000000	  0.003055	
  0.022403	  0.086558	  0.008147	  0.001018	  0.033605	  0.221996	  0.000000	  0.000000	  0.000000	  0.158859	  0.000000	  0.202648	  0.000000	  0.001018	  0.203666	  0.000000	  0.030550	  0.029532	  0.000000	  0.000000	
  0.066047	  0.000000	  0.027864	  0.266254	  0.000000	  0.212590	  0.010320	  0.155831	  0.017544	  0.020640	  0.002064	  0.007224	  0.044376	  0.015480	  0.002064	  0.006192	  0.001032	  0.005160	  0.137255	  0.002064	
  0.006999	  0.000000	  0.064742	  0.231846	  0.087489	  0.181977	  0.000000	  0.008749	  0.012248	  0.167979	  0.011374	  0.053368	  0.034121	  0.025372	  0.022747	  0.027997	  0.055118	  0.002625	  0.000875	  0.004374	
  0.226376	  0.002077	  0.045691	  0.007269	  0.003115	  0.201454	  0.030114	  0.000000	  0.015576	  0.012461	  0.001038	  0.205607	  0.000000	  0.033229	  0.000000	  0.003115	  0.008307	  0.022845	  0.001038	  0.180685	
  0.080380	  0.000864	  0.008643	  0.186690	  0.168539	  0.075194	  0.019879	  0.032844	  0.012100	  0.138289	  0.005186	  0.133103	  0.000000	  0.042351	  0.029386	  0.016422	  0.023336	  0.026793	  0.000000	  0.000000	
  0.104414	  0.008489	  0.333616	  0.037351	  0.001698	  0.000000	  0.178268	  0.064516	  0.000000	  0.001698	  0.072156	  0.005942	  0.000849	  0.001698	  0.000000	  0.034805	  0.127334	  0.019525	  0.000000	  0.007640	
  0.317487	  0.000000	  0.029711	  0.039049	  0.011036	  0.019525	  0.002547	  0.023769	  0.036503	  0.152801	  0.061969	  0.005093	  0.083192	  0.033107	  0.007640	  0.018676	  0.024618	  0.127334	  0.000000	  0.005942	
  0.024618	  0.000000	  0.123939	  0.019525	  0.169779	  0.016978	  0.024618	  0.029711	  0.178268	  0.141766	  0.000000	  0.005093	  0.000000	  0.016978	  0.027165	  0.006791	  0.117148	  0.000000	  0.011885	  0.085739	
  0.126486	  0.000849	  0.000849	  0.000849	  0.000849	  0.168081	  0.010187	  0.038200	  0.006791	  0.179966	  0.034805	  0.148557	  0.024618	  0.001698	  0.022071	  0.012733	  0.009338	  0.185059	  0.000000	  0.028014	
  0.217133	  0.000848	  0.023749	  0.037320	  0.044105	  0.033927	  0.000000	  0.044953	  0.024597	  0.123834	  0.003393	  0.000848	  0.022901	  0.034775	  0.147583	  0.033079	  0.150975	  0.055980	  0.000000	  0.000000	
  0.122137	  0.000000	  0.159457	  0.064461	  0.014419	  0.274809	  0.000848	  0.000000	  0.050042	  0.002545	  0.000000	  0.027142	  0.010178	  0.059372	  0.188295	  0.013571	  0.005089	  0.003393	  0.000000	  0.004241	
  0.087362	  0.000000	  0.016115	  0.083969	  0.000848	  0.028838	  0.200170	  0.004241	  0.049194	  0.138253	  0.035623	  0.025445	  0.003393	  0.134012	  0.025445	  0.021204	  0.127226	  0.017812	  0.000848	  0.000000	
  0.047498	  0.000000	  0.046650	  0.034775	  0.088210	  0.048346	  0.009330	  0.000848	  0.161154	  0.013571	  0.018660	  0.067006	  0.011874	  0.005089	  0.113656	  0.259542	  0.050042	  0.001696	  0.000000	  0.022053	
  0.017273	  0.001818	  0.041818	  0.022727	  0.228182	  0.003636	  0.002727	  0.050000	  0.009091	  0.150909	  0.036364	  0.036364	  0.007273	  0.200909	  0.078182	  0.013636	  0.059091	  0.026364	  0.000000	  0.013636	
  0.093287	  0.000000	  0.181343	  0.296425	  0.003487	  0.006103	  0.068003	  0.000000	  0.040976	  0.000872	  0.000872	  0.045336	  0.012206	  0.050567	  0.141238	  0.025283	  0.013949	  0.006975	  0.001744	  0.011334	
  0.057093	  0.000000	  0.035467	  0.062284	  0.008651	  0.003460	  0.166090	  0.029412	  0.050173	  0.070934	  0.006055	  0.001730	  0.320069	  0.041522	  0.076125	  0.025952	  0.018166	  0.020761	  0.002595	  0.003460	
  0.016422	  0.000000	  0.123596	  0.305964	  0.000000	  0.017286	  0.001729	  0.002593	  0.027658	  0.000000	  0.000000	  0.003457	  0.000864	  0.070873	  0.011236	  0.089023	  0.087295	  0.038894	  0.145203	  0.057908	
  0.022177	  0.000000	  0.205645	  0.004032	  0.030242	  0.185484	  0.034274	  0.109879	  0.021169	  0.093750	  0.000000	  0.072581	  0.000000	  0.181452	  0.023185	  0.003024	  0.000000	  0.007056	  0.002016	  0.004032	
  0.202395	  0.000000	  0.003593	  0.003593	  0.016766	  0.000000	  0.003593	  0.105389	  0.005988	  0.304192	  0.088623	  0.007186	  0.002395	  0.014371	  0.041916	  0.000000	  0.026347	  0.166467	  0.000000	  0.007186	
  0.093985	  0.000000	  0.000000	  0.001253	  0.164160	  0.134085	  0.000000	  0.013784	  0.230576	  0.071429	  0.012531	  0.012531	  0.000000	  0.031328	  0.026316	  0.016291	  0.093985	  0.057644	  0.027569	  0.012531	
  0.291310	  0.001224	  0.007344	  0.034272	  0.001224	  0.002448	  0.026928	  0.044064	  0.012240	  0.231334	  0.001224	  0.001224	  0.003672	  0.004896	  0.194614	  0.003672	  0.002448	  0.037944	  0.000000	  0.097919	
  0.096322	  0.004378	  0.000876	  0.002627	  0.150613	  0.134851	  0.069177	  0.049912	  0.025394	  0.181261	  0.007005	  0.029772	  0.056918	  0.074431	  0.058669	  0.032399	  0.010508	  0.013135	  0.000000	  0.001751	
  0.122130	  0.000000	  0.022039	  0.012856	  0.034894	  0.002755	  0.160698	  0.027548	  0.033058	  0.078972	  0.091827	  0.006428	  0.058770	  0.051423	  0.029385	  0.022957	  0.021120	  0.033976	  0.176309	  0.012856	
  0.062055	  0.000000	  0.017294	  0.005086	  0.004069	  0.166836	  0.045778	  0.150560	  0.010173	  0.120041	  0.000000	  0.064090	  0.001017	  0.080366	  0.016277	  0.202442	  0.015259	  0.034588	  0.000000	  0.004069	
  0.048161	  0.000000	  0.021016	  0.007005	  0.008757	  0.478984	  0.000876	  0.004378	  0.003503	  0.048161	  0.125219	  0.015762	  0.005254	  0.000000	  0.000876	  0.024518	  0.190018	  0.003503	  0.000876	  0.013135	
  0.288927	  0.015571	  0.074394	  0.035467	  0.002595	  0.083045	  0.034602	  0.065744	  0.044118	  0.057093	  0.017301	  0.022491	  0.002595	  0.018166	  0.071799	  0.019896	  0.025952	  0.120242	  0.000000	  0.000000	
  0.075325	  0.000000	  0.002597	  0.014719	  0.108225	  0.024242	  0.000866	  0.030303	  0.007792	  0.096970	  0.146320	  0.162771	  0.030303	  0.135931	  0.012987	  0.008658	  0.013853	  0.128139	  0.000000	  0.000000	
  0.007792	  0.059740	  0.200000	  0.270996	  0.019913	  0.153247	  0.000866	  0.010390	  0.000000	  0.167965	  0.068398	  0.003463	  0.000000	  0.002597	  0.017316	  0.002597	  0.000000	  0.014719	  0.000000	  0.000000	
  0.080519	  0.017316	  0.044156	  0.048485	  0.168831	  0.000866	  0.100433	  0.003463	  0.006926	  0.048485	  0.012987	  0.017316	  0.000000	  0.028571	  0.038095	  0.161905	  0.070996	  0.025108	  0.000866	  0.124675	
  0.064935	  0.027706	  0.000866	  0.000866	  0.038095	  0.022511	  0.001732	  0.109957	  0.108225	  0.241558	  0.059740	  0.003463	  0.000000	  0.003463	  0.023377	  0.079654	  0.088312	  0.087446	  0.000000	  0.038095	
  0.309847	  0.000000	  0.183362	  0.129032	  0.000000	  0.000849	  0.173175	  0.000000	  0.049236	  0.018676	  0.000000	  0.094228	  0.002547	  0.003396	  0.016129	  0.000000	  0.013582	  0.000849	  0.000000	  0.005093	
  0.157895	  0.000000	  0.011036	  0.040747	  0.005093	  0.005093	  0.005093	  0.022071	  0.202037	  0.123939	  0.029711	  0.101868	  0.134975	  0.021222	  0.098472	  0.031409	  0.003396	  0.005942	  0.000000	  0.000000	
  0.095925	  0.000849	  0.019525	  0.000849	  0.000000	  0.073005	  0.001698	  0.157895	  0.016129	  0.136672	  0.016978	  0.171477	  0.000849	  0.028862	  0.201188	  0.024618	  0.020374	  0.032258	  0.000849	  0.000000	
  0.019064	  0.000000	  0.002600	  0.001733	  0.079723	  0.164645	  0.000000	  0.023397	  0.139515	  0.157712	  0.005199	  0.001733	  0.017331	  0.028596	  0.143847	  0.001733	  0.005199	  0.099653	  0.006066	  0.102253	
  0.120748	  0.000000	  0.003401	  0.043367	  0.134354	  0.185374	  0.004252	  0.006803	  0.123299	  0.008503	  0.074830	  0.168367	  0.000000	  0.002551	  0.012755	  0.005952	  0.000850	  0.076531	  0.000000	  0.028061	
  0.108751	  0.000000	  0.300765	  0.068819	  0.008496	  0.011045	  0.053526	  0.037383	  0.053526	  0.003398	  0.001699	  0.047579	  0.000850	  0.105353	  0.100255	  0.039082	  0.017842	  0.039082	  0.000000	  0.002549	
  0.281006	  0.000000	  0.001735	  0.000867	  0.010408	  0.309627	  0.021683	  0.014744	  0.006071	  0.020815	  0.008673	  0.002602	  0.058109	  0.000000	  0.006938	  0.012142	  0.006071	  0.082394	  0.000000	  0.156114	
  0.418862	  0.001699	  0.010195	  0.001699	  0.004248	  0.035684	  0.008496	  0.045030	  0.004248	  0.138488	  0.005947	  0.016143	  0.004248	  0.146984	  0.016992	  0.008496	  0.088360	  0.033135	  0.000000	  0.011045	
  0.200203	  0.002033	  0.001016	  0.000000	  0.271341	  0.003049	  0.001016	  0.063008	  0.063008	  0.193089	  0.003049	  0.037602	  0.004065	  0.002033	  0.065041	  0.054878	  0.001016	  0.033537	  0.000000	  0.001016	
  0.026423	  0.000000	  0.002033	  0.171748	  0.021341	  0.177846	  0.007114	  0.005081	  0.020325	  0.238821	  0.108740	  0.000000	  0.000000	  0.011179	  0.007114	  0.013211	  0.188008	  0.000000	  0.000000	  0.001016	
  0.017276	  0.000000	  0.001016	  0.000000	  0.149390	  0.000000	  0.001016	  0.266260	  0.012195	  0.068089	  0.012195	  0.131098	  0.000000	  0.000000	  0.038618	  0.048780	  0.009146	  0.044715	  0.177846	  0.022358	
  0.022358	  0.030488	  0.205285	  0.330285	  0.145325	  0.000000	  0.000000	  0.002033	  0.012195	  0.032520	  0.007114	  0.030488	  0.146341	  0.015244	  0.002033	  0.002033	  0.011179	  0.002033	  0.000000	  0.003049	
  0.021385	  0.000000	  0.297352	  0.048880	  0.004073	  0.001018	  0.053971	  0.004073	  0.001018	  0.001018	  0.003055	  0.070265	  0.198574	  0.041752	  0.004073	  0.047862	  0.196538	  0.000000	  0.000000	  0.005092	
  0.054499	  0.000000	  0.249683	  0.025349	  0.017744	  0.001267	  0.000000	  0.008872	  0.425856	  0.032953	  0.000000	  0.000000	  0.150824	  0.001267	  0.027883	  0.000000	  0.001267	  0.002535	  0.000000	  0.000000	
  0.004957	  0.000000	  0.146221	  0.097893	  0.000000	  0.114002	  0.002478	  0.007435	  0.024783	  0.255266	  0.006196	  0.017348	  0.268897	  0.003717	  0.021066	  0.023544	  0.002478	  0.001239	  0.002478	  0.000000	
  0.027467	  0.001017	  0.013225	  0.088505	  0.011190	  0.110885	  0.024415	  0.010173	  0.053917	  0.000000	  0.014242	  0.071211	  0.014242	  0.282808	  0.031536	  0.009156	  0.011190	  0.224822	  0.000000	  0.000000	
  0.049898	  0.001018	  0.000000	  0.199593	  0.369654	  0.002037	  0.000000	  0.028513	  0.000000	  0.142566	  0.000000	  0.000000	  0.000000	  0.000000	  0.023422	  0.005092	  0.013238	  0.146640	  0.000000	  0.018330	
  0.126144	  0.001017	  0.094608	  0.050865	  0.000000	  0.026450	  0.009156	  0.000000	  0.006104	  0.002035	  0.000000	  0.002035	  0.517803	  0.039674	  0.020346	  0.084435	  0.004069	  0.000000	  0.000000	  0.015259	
  0.031536	  0.003052	  0.009156	  0.024415	  0.107833	  0.030519	  0.012208	  0.020346	  0.073245	  0.000000	  0.014242	  0.108850	  0.002035	  0.036623	  0.047813	  0.017294	  0.215666	  0.000000	  0.074262	  0.170905	
  0.204476	  0.000000	  0.046796	  0.002035	  0.074262	  0.045778	  0.000000	  0.029502	  0.158698	  0.031536	  0.007121	  0.043744	  0.025432	  0.002035	  0.043744	  0.103764	  0.013225	  0.028484	  0.012208	  0.127162	
  0.180061	  0.148525	  0.041709	  0.000000	  0.003052	  0.006104	  0.181078	  0.071211	  0.013225	  0.093591	  0.003052	  0.008138	  0.000000	  0.002035	  0.027467	  0.008138	  0.036623	  0.174975	  0.000000	  0.001017	
  0.175620	  0.000000	  0.028926	  0.116736	  0.200413	  0.005165	  0.000000	  0.024793	  0.003099	  0.024793	  0.002066	  0.005165	  0.033058	  0.183884	  0.041322	  0.015496	  0.076446	  0.014463	  0.002066	  0.046488	
  0.011446	  0.000000	  0.041623	  0.189386	  0.003122	  0.000000	  0.208117	  0.000000	  0.064516	  0.022893	  0.006243	  0.005203	  0.000000	  0.196670	  0.015609	  0.011446	  0.040583	  0.000000	  0.000000	  0.183143	
  0.021583	  0.000000	  0.381295	  0.001028	  0.002055	  0.001028	  0.000000	  0.014388	  0.009250	  0.046249	  0.031860	  0.068859	  0.000000	  0.001028	  0.180884	  0.007194	  0.058582	  0.172662	  0.001028	  0.001028	
  0.146490	  0.008138	  0.018311	  0.003052	  0.079349	  0.001017	  0.001017	  0.029502	  0.089522	  0.011190	  0.001017	  0.003052	  0.021363	  0.000000	  0.037640	  0.005086	  0.114954	  0.139369	  0.002035	  0.287894	
  0.138352	  0.000000	  0.377416	  0.007121	  0.022380	  0.014242	  0.021363	  0.000000	  0.049847	  0.152594	  0.002035	  0.015259	  0.000000	  0.010173	  0.029502	  0.056968	  0.101729	  0.001017	  0.000000	  0.000000	
  0.273931	  0.033605	  0.000000	  0.002037	  0.004073	  0.128310	  0.000000	  0.060081	  0.006110	  0.046843	  0.001018	  0.018330	  0.000000	  0.012220	  0.013238	  0.084521	  0.015275	  0.286151	  0.012220	  0.002037	

