MEME version 4

ALPHABET= ACDEFGHIKLMNPQRSTVWY

Background letter frequencies
A 0.0826 C 0.0138 D 0.0546 E 0.0673 F 0.0387 G 0.0708 H 0.0228 I 0.0592 K 0.0582 L 0.0966 
M 0.0242 N 0.0406 P 0.0473 Q 0.0393 R 0.0554 S 0.0663 T 0.0536 V 0.0687 W 0.011 
Y 0.0292 

MOTIF MEME-1
letter-probability matrix: alength= 20 w= 50 nsites= 383 E= 0.000
0.028721 0.000000 0.313316 0.010444 0.010444 0.000000 0.002611 0.000000 0.000000 0.039164 0.000000 0.122715 0.446475 0.000000 0.005222 0.015666 0.000000 0.000000 0.000000 0.005222 
0.135770 0.000000 0.039164 0.000000 0.036554 0.000000 0.005222 0.000000 0.112272 0.002611 0.036554 0.057441 0.302872 0.234987 0.031332 0.000000 0.000000 0.005222 0.000000 0.000000 
0.000000 0.000000 0.250653 0.642298 0.026110 0.002611 0.000000 0.000000 0.005222 0.002611 0.000000 0.031332 0.039164 0.000000 0.000000 0.000000 0.000000 0.000000 0.000000 0.000000 
0.007833 0.000000 0.000000 0.026110 0.000000 0.000000 0.000000 0.023499 0.000000 0.000000 0.000000 0.000000 0.449086 0.000000 0.000000 0.000000 0.000000 0.493473 0.000000 0.000000 
0.000000 0.000000 0.000000 0.039164 0.415144 0.000000 0.000000 0.000000 0.000000 0.000000 0.031332 0.000000 0.000000 0.000000 0.088773 0.013055 0.347258 0.039164 0.000000 0.026110 
0.313316 0.000000 0.000000 0.000000 0.026110 0.057441 0.000000 0.000000 0.344648 0.005222 0.002611 0.000000 0.000000 0.000000 0.031332 0.159269 0.060052 0.000000 0.000000 0.000000 
0.000000 0.007833 0.057441 0.000000 0.073107 0.000000 0.389034 0.002611 0.000000 0.000000 0.002611 0.000000 0.000000 0.000000 0.041775 0.000000 0.026110 0.039164 0.187990 0.172324 
0.430809 0.000000 0.000000 0.000000 0.000000 0.010444 0.007833 0.057441 0.026110 0.000000 0.000000 0.000000 0.000000 0.412533 0.010444 0.044386 0.000000 0.000000 0.000000 0.000000 
0.436031 0.000000 0.000000 0.000000 0.007833 0.015666 0.000000 0.000000 0.007833 0.096606 0.000000 0.000000 0.000000 0.000000 0.031332 0.002611 0.000000 0.005222 0.000000 0.396867 
0.203655 0.000000 0.391645 0.000000 0.005222 0.036554 0.000000 0.000000 0.000000 0.091384 0.000000 0.000000 0.000000 0.000000 0.031332 0.013055 0.190601 0.036554 0.000000 0.000000 
0.039164 0.000000 0.000000 0.000000 0.125326 0.000000 0.000000 0.000000 0.054830 0.000000 0.000000 0.000000 0.052219 0.352480 0.000000 0.010444 0.096606 0.036554 0.000000 0.232376 
0.000000 0.000000 0.391645 0.036554 0.000000 0.002611 0.000000 0.028721 0.000000 0.015666 0.000000 0.000000 0.026110 0.000000 0.000000 0.000000 0.088773 0.409922 0.000000 0.000000 
0.138381 0.020888 0.000000 0.000000 0.078329 0.000000 0.000000 0.036554 0.229765 0.046997 0.002611 0.000000 0.000000 0.000000 0.018277 0.036554 0.023499 0.342037 0.000000 0.026110 
0.402089 0.000000 0.002611 0.013055 0.000000 0.109661 0.049608 0.000000 0.101828 0.000000 0.000000 0.039164 0.000000 0.005222 0.028721 0.026110 0.195822 0.000000 0.000000 0.026110 
0.339426 0.107050 0.000000 0.000000 0.000000 0.049608 0.057441 0.000000 0.000000 0.000000 0.002611 0.039164 0.000000 0.000000 0.000000 0.033943 0.368146 0.002611 0.000000 0.000000 
0.086162 0.007833 0.000000 0.000000 0.026110 0.015666 0.018277 0.120104 0.000000 0.151436 0.219321 0.000000 0.000000 0.000000 0.000000 0.002611 0.031332 0.300261 0.000000 0.020888 
0.000000 0.000000 0.190601 0.169713 0.010444 0.041775 0.041775 0.080940 0.000000 0.080940 0.010444 0.120104 0.000000 0.002611 0.000000 0.000000 0.000000 0.002611 0.000000 0.248042 
0.472585 0.000000 0.026110 0.005222 0.000000 0.281984 0.000000 0.078329 0.000000 0.039164 0.002611 0.005222 0.000000 0.000000 0.000000 0.010444 0.015666 0.060052 0.000000 0.002611 
0.067885 0.000000 0.000000 0.000000 0.446475 0.020888 0.000000 0.026110 0.000000 0.002611 0.000000 0.000000 0.000000 0.000000 0.000000 0.013055 0.422977 0.000000 0.000000 0.000000 
0.015666 0.000000 0.026110 0.000000 0.039164 0.000000 0.140992 0.067885 0.174935 0.381201 0.015666 0.000000 0.000000 0.062663 0.026110 0.000000 0.000000 0.049608 0.000000 0.000000 
0.015666 0.000000 0.002611 0.164491 0.000000 0.000000 0.052219 0.000000 0.430809 0.033943 0.000000 0.000000 0.000000 0.070496 0.214099 0.000000 0.007833 0.002611 0.000000 0.005222 
0.026110 0.000000 0.039164 0.015666 0.000000 0.002611 0.002611 0.000000 0.060052 0.472585 0.002611 0.015666 0.000000 0.229765 0.067885 0.018277 0.036554 0.010444 0.000000 0.000000 
0.000000 0.000000 0.033943 0.000000 0.167102 0.454308 0.075718 0.000000 0.018277 0.057441 0.000000 0.023499 0.026110 0.000000 0.002611 0.000000 0.000000 0.000000 0.000000 0.140992 
0.078329 0.000000 0.114883 0.054830 0.000000 0.733681 0.000000 0.000000 0.000000 0.000000 0.000000 0.005222 0.000000 0.000000 0.002611 0.010444 0.000000 0.000000 0.000000 0.000000 
0.054830 0.000000 0.005222 0.383812 0.000000 0.000000 0.007833 0.000000 0.023499 0.433420 0.002611 0.002611 0.000000 0.020888 0.049608 0.010444 0.005222 0.000000 0.000000 0.000000 
0.000000 0.000000 0.130548 0.248042 0.002611 0.026110 0.000000 0.031332 0.013055 0.002611 0.002611 0.441253 0.049608 0.010444 0.000000 0.000000 0.031332 0.010444 0.000000 0.000000 
0.000000 0.000000 0.070496 0.067885 0.002611 0.002611 0.000000 0.000000 0.224543 0.000000 0.000000 0.067885 0.039164 0.031332 0.000000 0.007833 0.002611 0.000000 0.000000 0.483029 
0.000000 0.000000 0.060052 0.242820 0.039164 0.000000 0.026110 0.033943 0.000000 0.044386 0.000000 0.000000 0.000000 0.000000 0.005222 0.005222 0.002611 0.493473 0.000000 0.046997 
0.031332 0.000000 0.007833 0.000000 0.308094 0.052219 0.000000 0.180157 0.000000 0.305483 0.000000 0.000000 0.000000 0.000000 0.000000 0.000000 0.005222 0.075718 0.000000 0.033943 
0.010444 0.000000 0.000000 0.026110 0.000000 0.057441 0.000000 0.000000 0.383812 0.000000 0.000000 0.000000 0.000000 0.000000 0.007833 0.028721 0.000000 0.000000 0.485640 0.000000 
0.000000 0.000000 0.000000 0.000000 0.033943 0.485640 0.000000 0.005222 0.000000 0.190601 0.002611 0.000000 0.002611 0.000000 0.000000 0.028721 0.007833 0.216710 0.000000 0.026110 
0.005222 0.000000 0.031332 0.028721 0.000000 0.485640 0.000000 0.000000 0.000000 0.000000 0.000000 0.449086 0.000000 0.000000 0.000000 0.000000 0.000000 0.000000 0.000000 0.000000 
0.005222 0.000000 0.000000 0.000000 0.000000 0.000000 0.000000 0.342037 0.002611 0.049608 0.000000 0.010444 0.054830 0.000000 0.488251 0.026110 0.020888 0.000000 0.000000 0.000000 
0.000000 0.000000 0.000000 0.973890 0.000000 0.000000 0.000000 0.000000 0.000000 0.000000 0.000000 0.026110 0.000000 0.000000 0.000000 0.000000 0.000000 0.000000 0.000000 0.000000 
0.292428 0.000000 0.000000 0.000000 0.005222 0.503916 0.000000 0.000000 0.000000 0.026110 0.000000 0.000000 0.000000 0.057441 0.039164 0.000000 0.020888 0.054830 0.000000 0.000000 
0.039164 0.000000 0.000000 0.033943 0.000000 0.107050 0.000000 0.000000 0.026110 0.000000 0.000000 0.336815 0.000000 0.000000 0.000000 0.000000 0.000000 0.000000 0.000000 0.456919 
0.028721 0.000000 0.018277 0.430809 0.000000 0.000000 0.475196 0.000000 0.002611 0.005222 0.010444 0.000000 0.000000 0.007833 0.000000 0.020888 0.000000 0.000000 0.000000 0.000000 
0.391645 0.026110 0.000000 0.057441 0.000000 0.000000 0.031332 0.007833 0.000000 0.000000 0.026110 0.015666 0.000000 0.000000 0.000000 0.073107 0.370757 0.000000 0.000000 0.000000 
0.000000 0.000000 0.000000 0.000000 0.000000 0.031332 0.000000 0.080940 0.000000 0.462141 0.000000 0.015666 0.000000 0.052219 0.000000 0.000000 0.315927 0.033943 0.005222 0.002611 
0.018277 0.000000 0.000000 0.000000 0.000000 0.036554 0.026110 0.000000 0.036554 0.801567 0.057441 0.000000 0.000000 0.000000 0.005222 0.000000 0.000000 0.000000 0.015666 0.002611 
0.443864 0.000000 0.002611 0.000000 0.000000 0.000000 0.000000 0.013055 0.000000 0.002611 0.000000 0.456919 0.000000 0.000000 0.031332 0.033943 0.000000 0.015666 0.000000 0.000000 
0.028721 0.000000 0.000000 0.000000 0.044386 0.433420 0.000000 0.000000 0.031332 0.000000 0.000000 0.005222 0.000000 0.002611 0.000000 0.000000 0.454308 0.000000 0.000000 0.000000 
0.000000 0.000000 0.425587 0.007833 0.000000 0.000000 0.391645 0.000000 0.026110 0.057441 0.000000 0.026110 0.000000 0.028721 0.036554 0.000000 0.000000 0.000000 0.000000 0.000000 
0.005222 0.000000 0.015666 0.002611 0.000000 0.000000 0.000000 0.005222 0.000000 0.321149 0.109661 0.057441 0.000000 0.070496 0.002611 0.242820 0.135770 0.031332 0.000000 0.000000 
0.049608 0.000000 0.000000 0.018277 0.428198 0.044386 0.000000 0.000000 0.185379 0.000000 0.005222 0.002611 0.000000 0.002611 0.208877 0.026110 0.007833 0.002611 0.000000 0.018277 
0.005222 0.000000 0.015666 0.148825 0.023499 0.000000 0.154047 0.002611 0.000000 0.107050 0.002611 0.000000 0.033943 0.268930 0.201044 0.005222 0.018277 0.013055 0.000000 0.000000 
0.067885 0.000000 0.031332 0.454308 0.000000 0.000000 0.438642 0.000000 0.002611 0.000000 0.000000 0.000000 0.000000 0.005222 0.000000 0.000000 0.000000 0.000000 0.000000 0.000000 
0.039164 0.000000 0.065274 0.373368 0.000000 0.052219 0.000000 0.000000 0.013055 0.172324 0.007833 0.000000 0.000000 0.049608 0.221932 0.000000 0.005222 0.000000 0.000000 0.000000 
0.010444 0.000000 0.219321 0.250653 0.000000 0.000000 0.000000 0.253264 0.002611 0.180157 0.000000 0.000000 0.000000 0.002611 0.000000 0.000000 0.065274 0.015666 0.000000 0.000000 
0.308094 0.000000 0.002611 0.000000 0.000000 0.065274 0.078329 0.000000 0.000000 0.002611 0.005222 0.127937 0.000000 0.289817 0.120104 0.000000 0.000000 0.000000 0.000000 0.000000 

