7 0 103 4 4 0 1 0 0 22 0 47 26 0 0 7 0 0 0 2 
44 0 20 0 11 1 0 0 1 3 5 20 115 0 1 0 0 2 0 0 
0 0 85 97 7 3 0 0 2 1 0 8 18 0 0 0 0 2 0 0 
3 0 0 7 0 0 0 10 0 0 0 0 26 0 0 0 0 175 2 0 
0 0 2 18 152 0 0 2 0 0 5 0 0 0 21 0 1 10 0 12 
118 0 0 0 4 22 0 0 5 0 1 0 0 0 1 58 12 2 0 0 
0 3 22 2 27 1 6 1 0 0 1 0 0 1 11 0 4 19 71 54 
149 0 0 3 0 2 7 20 7 0 0 0 0 14 4 17 0 0 0 0 
160 0 0 0 5 6 0 0 7 21 1 0 0 0 13 1 0 1 0 8 
77 0 6 0 2 11 0 2 0 36 0 0 2 0 1 5 72 9 0 0 
17 0 0 0 5 0 0 1 10 0 0 0 18 128 0 5 32 7 0 0 
0 0 7 20 0 1 0 10 2 7 0 0 4 0 0 0 21 151 0 0 
3 8 0 0 30 0 0 5 82 21 1 0 0 0 7 4 1 53 0 8 
14 0 1 1 0 43 19 1 38 0 0 14 0 1 1 8 74 0 0 8 
128 38 1 0 0 17 18 0 0 1 1 1 0 0 0 10 6 2 0 0 
16 0 0 0 7 3 8 31 0 57 83 0 0 0 0 0 1 5 0 12 
0 0 57 63 0 21 7 7 0 19 0 46 0 1 0 0 2 0 0 0 
140 0 7 0 0 5 0 32 0 5 1 0 0 1 0 1 6 25 0 0 
16 0 0 0 25 8 0 6 0 1 0 2 0 0 0 3 161 1 0 0 
1 0 7 0 18 0 53 21 66 9 5 0 0 24 10 0 0 9 0 0 
5 0 1 45 0 0 25 2 56 6 0 0 0 14 65 0 2 0 0 2 
7 0 20 2 0 1 0 0 1 163 2 0 0 8 10 0 4 5 0 0 
0 0 16 2 0 156 5 2 7 20 0 6 6 0 1 1 0 0 0 1 
19 0 26 20 0 149 0 0 0 2 0 0 0 0 1 4 2 0 0 0 
15 0 2 138 0 3 3 0 3 28 1 1 0 7 17 3 2 0 0 0 
1 0 10 0 2 11 1 14 0 0 0 162 17 0 0 0 1 4 0 0 
2 0 7 17 1 2 0 0 2 0 0 0 18 4 0 3 0 0 0 167 
0 0 5 0 18 2 0 7 0 17 0 0 0 0 4 0 0 169 0 1 
1 0 3 1 61 21 0 1 2 117 0 0 0 0 0 0 0 5 0 11 
5 0 0 7 0 22 0 0 6 0 0 0 0 0 0 13 2 0 168 0 
0 0 2 0 2 168 0 2 1 10 0 0 3 0 0 10 6 14 0 5 
4 0 13 6 0 170 0 0 0 0 0 26 2 0 0 0 0 0 0 2 
9 0 0 0 0 2 0 6 0 0 0 4 19 2 169 5 7 0 0 0 
0 0 0 212 0 0 0 1 0 0 0 7 0 0 0 0 2 1 0 0 
4 0 0 0 2 168 0 0 0 7 0 2 0 0 20 0 6 14 0 0 
4 0 6 12 2 18 0 0 5 0 0 6 0 2 0 0 0 0 0 168 
7 0 9 155 0 2 30 0 1 2 3 0 0 5 0 7 2 0 0 0 
8 6 0 20 0 0 11 10 0 0 4 6 0 2 0 14 142 0 0 0 
0 0 0 0 0 1 0 12 2 169 0 0 0 18 0 0 9 11 1 0 
3 0 4 0 0 4 6 0 13 160 20 0 0 0 4 0 0 2 6 1 
21 0 1 0 0 2 2 4 0 1 0 168 0 0 17 6 0 0 0 1 
5 0 0 0 18 24 0 0 1 4 0 2 0 0 2 0 167 0 0 0 
0 0 149 4 0 0 6 0 11 22 0 10 0 7 12 1 1 0 0 0 
2 0 0 2 0 2 0 2 3 123 37 20 0 20 1 7 3 1 0 0 
24 0 0 7 28 16 0 0 69 0 1 1 0 1 62 10 3 1 0 0 
0 0 1 7 9 0 0 1 1 45 0 0 11 67 72 0 7 2 0 0 
11 0 15 167 0 0 22 0 3 0 0 0 1 2 0 2 0 0 0 0 
15 0 15 12 0 18 0 1 4 56 1 0 0 15 84 0 2 0 0 0 
4 0 69 95 0 0 0 18 1 6 0 0 0 1 0 0 27 2 0 0 
19 0 0 0 0 27 25 0 0 3 2 42 0 104 1 0 0 0 0 0 
