152 0 12 95 1 2 4 0 61 11 6 42 1 29 12 17 3 0 1 0 
68 1 22 92 0 3 0 1 43 10 0 51 0 76 49 25 5 3 0 0 
3 0 23 4 0 358 2 1 17 1 0 28 3 4 0 2 0 1 0 2 
19 3 25 21 5 5 16 37 155 0 2 13 0 17 21 19 43 16 0 32 
6 0 7 0 0 2 4 93 0 60 6 16 0 0 0 1 35 71 145 3 
0 1 0 1 0 1 0 36 0 18 0 0 0 0 1 0 0 391 0 0 
0 1 0 0 0 0 0 223 0 154 0 0 0 0 0 0 1 70 0 0 
0 164 2 0 0 104 0 2 0 25 23 0 0 0 0 90 10 28 1 0 
0 0 439 5 0 0 0 0 0 0 0 0 0 0 3 0 1 1 0 0 
0 0 0 0 2 0 2 1 0 0 0 0 0 0 444 0 0 0 0 0 
0 3 0 1 194 1 104 2 0 0 0 0 0 0 0 19 0 0 0 125 
34 5 101 1 27 0 10 118 1 28 13 9 0 0 0 16 26 42 0 18 
4 0 227 5 21 14 3 16 0 99 13 0 0 0 2 2 0 4 14 25 
0 0 0 0 0 1 1 0 0 0 0 0 0 0 0 446 1 0 0 0 
0 0 1 0 0 43 0 0 0 0 0 4 0 1 1 221 178 0 0 0 
19 0 0 0 4 0 0 58 0 128 24 0 0 95 26 3 8 71 0 13 
391 15 0 0 1 0 0 0 0 0 0 0 0 0 0 1 0 40 0 1 
0 0 0 0 8 0 0 0 0 0 0 0 0 2 0 0 1 0 0 438 
27 0 1 0 0 1 0 0 0 0 0 1 0 402 0 15 2 0 0 0 
23 2 0 3 1 368 2 0 7 4 4 1 0 9 0 14 1 3 7 0 
70 0 6 3 34 135 3 13 4 16 1 1 2 3 1 14 5 21 0 117 
73 0 11 14 7 262 0 2 20 10 1 4 0 9 11 8 14 3 0 0 
0 3 7 15 3 73 2 2 5 21 2 4 1 2 296 10 1 2 0 0 
20 0 16 31 1 261 3 15 12 24 0 33 0 19 2 2 2 6 2 0 
3 0 25 12 12 4 0 132 1 172 10 16 8 2 3 15 4 30 0 0 
9 1 185 19 3 106 0 9 8 25 18 20 10 3 3 21 5 2 2 0 
24 4 9 42 5 2 1 61 18 61 28 12 32 62 21 17 16 30 2 2 
31 0 77 90 12 9 40 7 15 33 4 9 6 21 4 26 43 3 17 2 
28 4 7 43 26 2 3 35 33 118 55 10 2 9 7 11 12 25 6 13 
11 2 5 7 1 0 0 107 22 116 45 5 0 2 4 2 0 115 0 5 
