MEME version 4

ALPHABET= ACDEFGHIKLMNPQRSTVWY

Background letter frequencies (from file `/home/yincp/Desktop/Descriptor_Preprocessor/data/debug/tmp_composition.txt'):
A 0.08157 C 0.00672 D 0.06315 E 0.08293 F 0.03547 G 0.07240 H 0.01687 I 0.07518 K 0.05719 L 0.11250 M 0.02048 N 0.03024 P 0.03283 Q 0.04194 R 0.07079 S 0.04833 T 0.05154 V 0.06582 W 0.00658 Y 0.02743 

MOTIF 1 XXGXXVJXDRXXXSXXAYQGXGRGJXXXXX

letter-probability matrix: alength= 20 w= 30 nsites= 449 E= 0
  0.338530	  0.000000	  0.026726	  0.211581	  0.002227	  0.004454	  0.008909	  0.000000	  0.135857	  0.024499	  0.013363	  0.093541	  0.002227	  0.064588	  0.026726	  0.037862	  0.006682	  0.000000	  0.002227	  0.000000	
  0.151448	  0.002227	  0.048998	  0.204900	  0.000000	  0.006682	  0.000000	  0.002227	  0.095768	  0.022272	  0.000000	  0.113586	  0.000000	  0.169265	  0.109131	  0.055679	  0.011136	  0.006682	  0.000000	  0.000000	
  0.006682	  0.000000	  0.051225	  0.008909	  0.000000	  0.797327	  0.004454	  0.002227	  0.037862	  0.002227	  0.000000	  0.062361	  0.006682	  0.008909	  0.000000	  0.004454	  0.000000	  0.002227	  0.000000	  0.004454	
  0.042316	  0.006682	  0.055679	  0.046771	  0.011136	  0.011136	  0.035635	  0.082405	  0.345212	  0.000000	  0.004454	  0.028953	  0.000000	  0.037862	  0.046771	  0.042316	  0.095768	  0.035635	  0.000000	  0.071269	
  0.013363	  0.000000	  0.015590	  0.000000	  0.000000	  0.004454	  0.008909	  0.207127	  0.000000	  0.133630	  0.013363	  0.035635	  0.000000	  0.000000	  0.000000	  0.002227	  0.077951	  0.158129	  0.322940	  0.006682	
  0.000000	  0.002227	  0.000000	  0.002227	  0.000000	  0.002227	  0.000000	  0.080178	  0.000000	  0.040089	  0.000000	  0.000000	  0.000000	  0.000000	  0.002227	  0.000000	  0.000000	  0.870824	  0.000000	  0.000000	
  0.000000	  0.002227	  0.000000	  0.000000	  0.000000	  0.000000	  0.000000	  0.496659	  0.000000	  0.342984	  0.000000	  0.000000	  0.000000	  0.000000	  0.000000	  0.000000	  0.002227	  0.155902	  0.000000	  0.000000	
  0.000000	  0.365256	  0.004454	  0.000000	  0.000000	  0.231626	  0.000000	  0.004454	  0.000000	  0.055679	  0.051225	  0.000000	  0.000000	  0.000000	  0.000000	  0.200445	  0.022272	  0.062361	  0.002227	  0.000000	
  0.000000	  0.000000	  0.977728	  0.011136	  0.000000	  0.000000	  0.000000	  0.000000	  0.000000	  0.000000	  0.000000	  0.000000	  0.000000	  0.000000	  0.006682	  0.000000	  0.002227	  0.002227	  0.000000	  0.000000	
  0.000000	  0.000000	  0.000000	  0.000000	  0.004454	  0.000000	  0.004454	  0.002227	  0.000000	  0.000000	  0.000000	  0.000000	  0.000000	  0.000000	  0.988864	  0.000000	  0.000000	  0.000000	  0.000000	  0.000000	
  0.000000	  0.006682	  0.000000	  0.002227	  0.432071	  0.002227	  0.231626	  0.004454	  0.000000	  0.000000	  0.000000	  0.000000	  0.000000	  0.000000	  0.000000	  0.042316	  0.000000	  0.000000	  0.000000	  0.278396	
  0.075724	  0.011136	  0.224944	  0.002227	  0.060134	  0.000000	  0.022272	  0.262806	  0.002227	  0.062361	  0.028953	  0.020045	  0.000000	  0.000000	  0.000000	  0.035635	  0.057906	  0.093541	  0.000000	  0.040089	
  0.008909	  0.000000	  0.505568	  0.011136	  0.046771	  0.031180	  0.006682	  0.035635	  0.000000	  0.220490	  0.028953	  0.000000	  0.000000	  0.000000	  0.004454	  0.004454	  0.000000	  0.008909	  0.031180	  0.055679	
  0.000000	  0.000000	  0.000000	  0.000000	  0.000000	  0.002227	  0.002227	  0.000000	  0.000000	  0.000000	  0.000000	  0.000000	  0.000000	  0.000000	  0.000000	  0.993318	  0.002227	  0.000000	  0.000000	  0.000000	
  0.000000	  0.000000	  0.002227	  0.000000	  0.000000	  0.095768	  0.000000	  0.000000	  0.000000	  0.000000	  0.000000	  0.008909	  0.000000	  0.002227	  0.002227	  0.492205	  0.396437	  0.000000	  0.000000	  0.000000	
  0.042316	  0.000000	  0.000000	  0.000000	  0.008909	  0.000000	  0.000000	  0.129176	  0.000000	  0.285078	  0.053452	  0.000000	  0.000000	  0.211581	  0.057906	  0.006682	  0.017817	  0.158129	  0.000000	  0.028953	
  0.870824	  0.033408	  0.000000	  0.000000	  0.002227	  0.000000	  0.000000	  0.000000	  0.000000	  0.000000	  0.000000	  0.000000	  0.000000	  0.000000	  0.000000	  0.002227	  0.000000	  0.089087	  0.000000	  0.002227	
  0.000000	  0.000000	  0.000000	  0.000000	  0.017817	  0.000000	  0.000000	  0.000000	  0.000000	  0.000000	  0.000000	  0.000000	  0.000000	  0.004454	  0.000000	  0.000000	  0.002227	  0.000000	  0.000000	  0.975501	
  0.060134	  0.000000	  0.002227	  0.000000	  0.000000	  0.002227	  0.000000	  0.000000	  0.000000	  0.000000	  0.000000	  0.002227	  0.000000	  0.895323	  0.000000	  0.033408	  0.004454	  0.000000	  0.000000	  0.000000	
  0.051225	  0.004454	  0.000000	  0.006682	  0.002227	  0.819599	  0.004454	  0.000000	  0.015590	  0.008909	  0.008909	  0.002227	  0.000000	  0.020045	  0.000000	  0.031180	  0.002227	  0.006682	  0.015590	  0.000000	
  0.155902	  0.000000	  0.013363	  0.006682	  0.075724	  0.300668	  0.006682	  0.028953	  0.008909	  0.035635	  0.002227	  0.002227	  0.004454	  0.006682	  0.002227	  0.031180	  0.011136	  0.046771	  0.000000	  0.260579	
  0.162584	  0.000000	  0.024499	  0.031180	  0.015590	  0.583519	  0.000000	  0.004454	  0.044543	  0.022272	  0.002227	  0.008909	  0.000000	  0.020045	  0.024499	  0.017817	  0.031180	  0.006682	  0.000000	  0.000000	
  0.000000	  0.006682	  0.015590	  0.033408	  0.006682	  0.162584	  0.004454	  0.004454	  0.011136	  0.046771	  0.004454	  0.008909	  0.002227	  0.004454	  0.659243	  0.022272	  0.002227	  0.004454	  0.000000	  0.000000	
  0.044543	  0.000000	  0.035635	  0.069042	  0.002227	  0.581292	  0.006682	  0.033408	  0.026726	  0.053452	  0.000000	  0.073497	  0.000000	  0.042316	  0.004454	  0.004454	  0.004454	  0.013363	  0.004454	  0.000000	
  0.006682	  0.000000	  0.055679	  0.026726	  0.026726	  0.008909	  0.000000	  0.293987	  0.002227	  0.383073	  0.022272	  0.035635	  0.017817	  0.004454	  0.006682	  0.033408	  0.008909	  0.066815	  0.000000	  0.000000	
  0.020045	  0.002227	  0.412027	  0.042316	  0.006682	  0.236080	  0.000000	  0.020045	  0.017817	  0.055679	  0.040089	  0.044543	  0.022272	  0.006682	  0.006682	  0.046771	  0.011136	  0.004454	  0.004454	  0.000000	
  0.053452	  0.008909	  0.020045	  0.093541	  0.011136	  0.004454	  0.002227	  0.135857	  0.040089	  0.135857	  0.062361	  0.026726	  0.071269	  0.138085	  0.046771	  0.037862	  0.035635	  0.066815	  0.004454	  0.004454	
  0.069042	  0.000000	  0.171492	  0.200445	  0.026726	  0.020045	  0.089087	  0.015590	  0.033408	  0.073497	  0.008909	  0.020045	  0.013363	  0.046771	  0.008909	  0.057906	  0.095768	  0.006682	  0.037862	  0.004454	
  0.062361	  0.008909	  0.015590	  0.095768	  0.057906	  0.004454	  0.006682	  0.077951	  0.073497	  0.262806	  0.122494	  0.022272	  0.004454	  0.020045	  0.015590	  0.024499	  0.026726	  0.055679	  0.013363	  0.028953	
  0.024499	  0.004454	  0.011136	  0.015590	  0.002227	  0.000000	  0.000000	  0.238307	  0.048998	  0.258352	  0.100223	  0.011136	  0.000000	  0.004454	  0.008909	  0.004454	  0.000000	  0.256125	  0.000000	  0.011136	

