MEME version 4

ALPHABET= ACDEFGHIKLMNPQRSTVWY

Background letter frequencies (from file `/home/yincp/Desktop/Descriptor_Preprocessor/Reports/19082019/PDOC00107/compos_align.txt'):
A 0.02469 C 0.01029 D 0.22431 E 0.00000 F 0.05830 G 0.10010 H 0.00480 I 0.05967 K 0.00138 L 0.04733 M 0.02881 N 0.00069 P 0.00138 Q 0.00000 R 0.00000 S 0.10490 T 0.12890 V 0.08642 W 0.00000 Y 0.11800 

MOTIF 1 YGDTDSJXX

letter-probability matrix: alength= 20 w= 9 nsites= 162 E= 0
  0.080247	  0.000000	  0.000000	  0.000000	  0.000000	  0.000000	  0.000000	  0.000000	  0.000000	  0.000000	  0.000000	  0.000000	  0.000000	  0.000000	  0.000000	  0.000000	  0.000000	  0.000000	  0.000000	  0.919753	
  0.043210	  0.043210	  0.000000	  0.000000	  0.000000	  0.709877	  0.000000	  0.055556	  0.000000	  0.012346	  0.000000	  0.000000	  0.000000	  0.000000	  0.000000	  0.049383	  0.037037	  0.049383	  0.000000	  0.000000	
  0.000000	  0.000000	  1.000000	  0.000000	  0.000000	  0.000000	  0.000000	  0.000000	  0.000000	  0.000000	  0.000000	  0.000000	  0.000000	  0.000000	  0.000000	  0.000000	  0.000000	  0.000000	  0.000000	  0.000000	
  0.000000	  0.000000	  0.000000	  0.000000	  0.000000	  0.000000	  0.000000	  0.000000	  0.000000	  0.000000	  0.000000	  0.000000	  0.000000	  0.000000	  0.000000	  0.000000	  1.000000	  0.000000	  0.000000	  0.000000	
  0.000000	  0.000000	  1.000000	  0.000000	  0.000000	  0.000000	  0.000000	  0.000000	  0.000000	  0.000000	  0.000000	  0.000000	  0.000000	  0.000000	  0.000000	  0.000000	  0.000000	  0.000000	  0.000000	  0.000000	
  0.000000	  0.000000	  0.000000	  0.000000	  0.000000	  0.172840	  0.000000	  0.000000	  0.000000	  0.000000	  0.000000	  0.000000	  0.000000	  0.000000	  0.000000	  0.827160	  0.000000	  0.000000	  0.000000	  0.000000	
  0.000000	  0.012346	  0.000000	  0.000000	  0.049383	  0.000000	  0.000000	  0.253086	  0.000000	  0.302469	  0.049383	  0.000000	  0.000000	  0.000000	  0.000000	  0.000000	  0.043210	  0.290123	  0.000000	  0.000000	
  0.000000	  0.000000	  0.018519	  0.000000	  0.475309	  0.018519	  0.043210	  0.012346	  0.012346	  0.000000	  0.197531	  0.006173	  0.012346	  0.000000	  0.000000	  0.024691	  0.012346	  0.024691	  0.000000	  0.141975	
  0.098765	  0.037037	  0.000000	  0.000000	  0.000000	  0.000000	  0.000000	  0.216049	  0.000000	  0.111111	  0.012346	  0.000000	  0.000000	  0.000000	  0.000000	  0.043210	  0.067901	  0.413580	  0.000000	  0.000000	

