17 2 4 12 2 32 1 10 7 11 1 2 0 9 21 12 12 0 1 1 
18 1 10 14 14 2 2 6 7 23 3 11 1 10 26 1 5 3 0 0 
3 0 7 17 12 4 2 12 4 19 0 3 14 5 2 3 5 19 5 21 
8 0 4 19 8 4 6 28 3 7 0 12 15 6 5 6 3 4 0 19 
9 0 5 33 1 8 2 15 4 27 5 2 7 3 8 9 7 10 0 2 
15 1 11 11 7 2 5 9 25 12 8 7 3 4 13 5 10 2 2 5 
15 1 13 6 5 4 6 4 3 20 2 3 2 4 8 11 24 12 1 13 
14 4 6 6 2 9 0 12 7 3 3 4 3 0 16 17 30 14 5 2 
8 0 8 5 3 16 2 13 22 16 7 0 4 3 14 7 4 16 1 8 
7 0 7 25 7 0 2 12 9 16 2 14 9 3 12 4 13 8 4 3 
17 5 12 8 13 6 2 14 5 17 7 21 13 2 3 3 3 4 0 2 
20 1 6 18 1 20 3 3 6 23 1 10 9 7 4 4 5 14 0 2 
3 1 6 31 1 11 2 9 9 8 0 10 11 11 7 10 8 1 0 18 
14 0 16 14 4 1 1 3 30 4 1 15 14 10 9 12 5 3 0 1 
8 7 5 4 17 11 8 4 8 14 9 5 7 2 15 2 2 7 4 18 
3 1 7 9 4 43 1 3 9 2 0 25 5 3 8 21 8 1 0 4 
25 0 10 3 32 2 0 10 1 28 6 4 1 1 4 3 0 17 0 10 
3 0 7 17 3 7 1 3 50 3 0 6 1 4 38 3 5 4 0 2 
0 2 0 0 2 0 0 26 0 5 0 1 3 0 3 19 4 91 1 0 
2 0 0 0 5 1 0 68 12 19 0 1 0 0 0 0 0 41 0 8 
10 0 0 0 0 1 0 0 0 0 3 0 0 0 0 0 0 0 0 143 
5 6 1 0 0 118 0 10 1 2 0 0 0 0 0 5 5 4 0 0 
0 0 155 0 0 0 0 0 0 0 0 0 0 0 0 0 1 1 0 0 
0 0 0 0 1 0 0 0 0 0 0 0 0 0 0 1 155 0 0 0 
0 0 150 1 0 0 0 2 0 0 0 0 0 0 0 1 0 3 0 0 
1 0 1 0 0 18 0 2 0 1 0 0 0 0 0 133 0 1 0 0 
0 2 0 0 5 1 0 37 0 43 9 0 0 0 0 0 7 49 0 4 
0 0 1 1 74 4 6 1 2 1 32 1 3 0 0 1 0 8 0 22 
14 10 0 0 0 0 0 40 0 16 2 0 0 0 1 2 9 63 0 0 
1 7 7 13 0 2 4 3 15 17 0 14 0 10 16 4 36 1 3 4 
2 20 3 8 31 7 1 19 3 13 4 4 5 8 1 1 14 5 5 3 
2 1 17 10 0 29 0 1 17 4 1 7 25 1 25 2 9 5 0 1 
2 2 9 9 6 62 3 6 3 10 1 3 4 1 0 12 5 17 0 2 
12 3 14 4 6 3 6 7 15 14 3 7 5 5 3 19 9 16 0 6 
4 1 26 14 1 2 2 3 12 10 2 15 10 2 13 11 23 2 0 4 
19 3 10 13 3 2 1 7 14 26 3 7 8 1 2 6 0 21 1 10 
17 0 10 45 3 6 1 7 10 7 13 4 2 7 0 10 9 2 1 3 
14 1 9 49 1 11 2 12 12 3 0 2 1 8 3 6 10 12 1 0 
24 1 3 7 2 9 4 10 9 19 0 2 3 3 3 16 14 24 2 2 
6 0 11 7 10 0 1 13 21 15 15 1 2 6 11 6 11 17 1 3 
16 0 11 23 1 15 0 10 31 4 3 4 1 2 18 6 8 2 0 2 
14 1 6 4 9 1 1 21 30 27 8 3 0 1 13 3 3 10 2 0 
25 3 8 4 4 57 4 3 10 11 1 2 1 2 4 1 1 3 1 12 
9 0 15 14 0 12 3 0 17 15 5 6 12 9 24 4 5 6 0 1 
12 1 9 36 6 4 2 8 30 12 5 8 5 2 4 6 2 4 1 0 
17 0 4 10 14 4 0 9 29 28 16 2 1 3 2 7 4 7 0 0 
54 2 3 8 3 1 1 5 24 19 2 4 0 14 1 6 3 7 0 0 
14 0 9 18 3 11 14 2 19 8 0 13 3 3 9 17 4 6 0 4 
10 2 1 19 4 13 18 7 5 12 0 6 0 13 5 5 7 1 6 23 
0 3 4 2 0 11 4 51 9 7 2 2 2 0 1 0 14 32 7 6 
